0	0	1058	0	0	0	1443723
0	0	1068	0	0	0	1443737
0	0	1072	0	0	0	1443751
0	0	1069	0	0	0	1443765
0	0	1065	0	0	0	1443779
0	0	1069	0	0	0	1443793
0	0	1069	0	0	0	1443823
0	0	1073	0	0	0	1443837
0	0	1066	0	0	0	1443851
4	0	1069	0	0	0	1443865
0	0	1069	0	0	0	1443879
4	0	1069	0	0	0	1443893
0	0	1065	0	0	0	1443907
0	0	1065	0	0	0	1443938
0	0	1061	0	0	0	1443953
0	0	1068	0	0	0	1443967
0	0	1069	0	0	0	1443981
0	0	1065	0	0	0	1443995
0	0	1069	0	0	0	1444009
0	0	1065	0	0	0	1444040
0	0	1069	0	0	0	1444054
-4	0	1072	0	0	0	1444068
0	0	1062	0	0	0	1444083
0	0	1068	0	0	0	1444097
0	0	1069	0	0	0	1444111
0	0	1062	0	0	0	1444128
4	0	1069	0	0	0	1444156
0	0	1065	0	0	0	1444170
0	0	1065	0	0	0	1444185
0	0	1065	0	0	0	1444199
0	0	1065	0	0	0	1444213
0	0	1069	0	0	0	1444230
0	0	1065	0	0	0	1444258
0	0	1065	0	0	0	1444272
0	0	1069	0	0	0	1444287
4	0	1072	0	0	0	1444301
0	0	1066	0	0	0	1444315
0	-4	1069	0	0	0	1444329
0	0	1069	0	0	0	1444343
0	0	1065	0	0	0	1444372
4	0	1062	0	0	0	1444386
0	0	1065	0	0	0	1444400
0	0	1069	0	0	0	1444414
0	0	1076	0	0	0	1444430
0	0	1070	0	0	0	1444445
0	0	1069	0	0	0	1444473
0	0	1072	0	0	0	1444487
0	0	1069	0	0	0	1444501
0	0	1073	0	0	0	1444516
0	0	1066	0	0	0	1444531
0	0	1065	0	0	0	1444546
0	0	1065	0	0	0	1444575
0	0	1061	0	0	0	1444590
0	0	1068	0	0	0	1444604
0	0	1069	0	0	0	1444618
0	0	1069	0	0	0	1444634
0	-4	1065	0	0	0	1444648
0	0	1065	0	0	0	1444676
0	0	1072	0	0	0	1444690
-4	0	1066	0	0	0	1444704
0	0	1069	0	0	0	1444718
4	-4	1069	0	0	0	1444732
-3	0	1069	0	0	0	1444747
0	-4	1062	0	0	0	1444776
0	0	1072	0	0	0	1444790
0	0	1069	0	0	0	1444804
0	0	1069	0	0	0	1444818
4	0	1065	0	0	0	1444833
0	0	1069	0	0	0	1444848
0	0	1069	0	0	0	1444876
0	0	1069	0	0	0	1444892
0	0	1069	0	0	0	1444907
0	0	1069	0	0	0	1444921
0	0	1069	0	0	0	1444935
0	0	1065	0	0	0	1444949
0	0	1069	0	0	0	1444977
0	0	1069	0	0	0	1444991
4	0	1069	0	0	0	1445005
0	0	1062	0	0	0	1445019
-4	-4	1065	0	0	0	1445034
0	0	1069	0	0	0	1445051
0	0	1072	0	0	0	1445079
0	0	1069	0	0	0	1445093
0	-4	1065	0	0	0	1445107
0	0	1069	0	0	0	1445121
0	0	1069	0	0	0	1445136
0	0	1072	0	0	0	1445152
-4	0	1069	0	0	0	1445195
0	0	1069	0	0	0	1445210
0	0	1072	0	0	0	1445224
0	0	1066	0	0	0	1445238
0	0	1069	0	0	0	1445255
4	0	1069	0	0	0	1445270
0	-1	1065	0	0	0	1445298
4	0	1065	0	0	0	1445312
0	0	1069	0	0	0	1445326
0	0	1069	0	0	0	1445340
0	0	1069	0	0	0	1445358
4	0	1065	0	0	0	1445372
0	0	1065	0	0	0	1445400
0	0	1065	0	0	0	1445415
4	0	1065	0	0	0	1445429
0	0	1061	0	0	0	1445443
0	0	1072	0	0	0	1445458
0	0	1069	0	0	0	1445472
0	0	1073	0	0	0	1445501
0	0	1069	0	0	0	1445515
0	0	1073	0	0	0	1445529
4	0	1066	0	0	0	1445544
0	-4	1065	0	0	0	1445562
0	3	1062	0	0	0	1445576
0	0	1065	0	0	0	1445604
0	0	1069	0	0	0	1445618
0	0	1069	0	0	0	1445632
0	0	1065	0	0	0	1445647
0	0	1069	0	0	0	1445664
0	0	1069	0	0	0	1445678
0	0	1068	0	0	0	1445706
4	0	1069	0	0	0	1445721
0	0	1069	0	0	0	1445735
4	0	1069	0	0	0	1445749
0	0	1072	0	0	0	1445764
0	0	1069	0	0	0	1445778
0	0	1069	0	0	0	1445806
0	0	1062	0	0	0	1445820
0	0	1068	0	0	0	1445834
0	0	1072	0	0	0	1445848
0	0	1073	0	0	0	1445864
0	0	1066	0	0	0	1445879
0	0	1065	0	0	0	1445907
0	0	1062	0	0	0	1445921
-4	-4	1065	0	0	0	1445935
0	0	1065	0	0	0	1445949
0	-4	1069	0	0	0	1445965
0	0	1065	0	0	0	1445980
0	0	1065	0	0	0	1446008
0	0	1065	0	0	0	1446022
0	0	1069	0	0	0	1446036
-4	0	1065	0	0	0	1446050
0	0	1069	0	0	0	1446065
0	0	1069	0	0	0	1446080
0	0	1065	0	0	0	1446095
0	0	1076	0	0	0	1446123
0	0	1070	0	0	0	1446137
0	0	1065	0	0	0	1446151
-4	0	1069	0	0	0	1446165
0	-4	1069	0	0	0	1446180
0	-4	1065	0	0	0	1446194
0	0	1061	0	0	0	1446223
0	0	1068	0	0	0	1446237
0	0	1069	0	0	0	1446251
0	0	1069	0	0	0	1446266
0	0	1065	0	0	0	1446281
0	0	1072	0	0	0	1446295
4	0	1065	0	0	0	1446323
0	0	1069	0	0	0	1446338
0	-4	1069	0	0	0	1446352
0	0	1065	0	0	0	1446367
4	0	1069	0	0	0	1446382
0	0	1069	0	0	0	1446397
0	0	1065	0	0	0	1446425
4	0	1072	0	0	0	1446440
0	0	1069	0	0	0	1446454
0	4	1069	0	0	0	1446470
0	0	1069	0	0	0	1446484
0	0	1069	0	0	0	1446499
0	0	1069	0	0	0	1446527
0	0	1065	0	0	0	1446541
4	0	1069	0	0	0	1446555
-3	0	1065	0	0	0	1446569
0	0	1065	0	0	0	1446586
0	0	1069	0	0	0	1446601
0	0	1069	0	0	0	1446615
0	-4	1072	0	0	0	1446644
0	0	1069	0	0	0	1446658
0	-4	1069	0	0	0	1446672
0	0	1069	0	0	0	1446687
4	0	1065	0	0	0	1446701
4	0	1069	0	0	0	1446715
-3	0	1073	0	0	0	1446744
0	0	1066	0	0	0	1446758
0	0	1069	0	0	0	1446772
-4	0	1065	0	0	0	1446789
0	0	1069	0	0	0	1446804
-4	0	1069	0	0	0	1446818
0	0	1072	0	0	0	1446846
0	0	1066	0	0	0	1446860
0	0	1069	0	0	0	1446874
0	0	1072	0	0	0	1446891
-4	-4	1069	0	0	0	1446906
3	0	1062	0	0	0	1446920
0	0	1069	0	0	0	1446948
0	0	1069	0	0	0	1446962
4	0	1072	0	0	0	1446976
0	-4	1066	0	0	0	1446993
0	0	1072	0	0	0	1447008
0	0	1069	0	0	0	1447022
0	0	1069	0	0	0	1447050
0	-4	1065	0	0	0	1447065
0	0	1069	0	0	0	1447079
0	0	1069	0	0	0	1447093
0	-4	1065	0	0	0	1447108
0	0	1065	0	0	0	1447122
0	0	1066	0	0	0	1447151
0	0	1069	0	0	0	1447165
0	0	1069	0	0	0	1447179
0	0	1065	0	0	0	1447195
-4	0	1076	0	0	0	1447210
0	0	1070	0	0	0	1447224
0	0	1069	0	0	0	1447252
0	0	1065	0	0	0	1447266
0	0	1069	0	0	0	1447281
0	0	1069	0	0	0	1447296
0	0	1072	0	0	0	1447311
0	0	1066	0	0	0	1447326
0	0	1065	0	0	0	1447340
0	0	1073	0	0	0	1447371
0	0	1069	0	0	0	1447385
0	0	1069	0	0	0	1447400
0	4	1069	0	0	0	1447415
0	0	1065	0	0	0	1447429
0	0	1069	0	0	0	1447443
0	0	1065	0	0	0	1447471
0	0	1065	0	0	0	1447485
0	0	1065	0	0	0	1447499
0	0	1069	0	0	0	1447513
0	0	1065	0	0	0	1447527
4	0	1065	0	0	0	1447541
0	0	1066	0	0	0	1447569
0	0	1065	0	0	0	1447583
0	4	1062	0	0	0	1447598
0	0	1065	0	0	0	1447613
0	0	1069	0	0	0	1447627
0	0	1069	0	0	0	1447641
0	0	1069	0	0	0	1447655
4	0	1069	0	0	0	1447683
0	0	1065	0	0	0	1447698
0	0	1069	0	0	0	1447714
0	0	1065	0	0	0	1447728
0	0	1069	0	0	0	1447742
4	0	1065	0	0	0	1447756
0	0	1069	0	0	0	1447785
0	0	1072	0	0	0	1447799
0	0	1066	0	0	0	1447814
0	0	1072	0	0	0	1447828
0	0	1066	0	0	0	1447842
0	0	1069	0	0	0	1447856
0	0	1069	0	0	0	1447870
0	0	1069	0	0	0	1447898
0	0	1069	0	0	0	1447915
0	0	1069	0	0	0	1447929
0	0	1065	0	0	0	1447944
0	0	1069	0	0	0	1447958
4	0	1069	0	0	0	1447972
0	0	1069	0	0	0	1448000
0	0	1065	0	0	0	1448017
0	0	1069	0	0	0	1448032
0	0	1065	0	0	0	1448046
4	0	1069	0	0	0	1448060
4	-4	1069	0	0	0	1448075
0	0	1062	0	0	0	1448103
0	0	1068	0	0	0	1448117
0	0	1069	0	0	0	1448132
4	0	1065	0	0	0	1448146
0	0	1069	0	0	0	1448160
0	0	1065	0	0	0	1448174
0	0	1069	0	0	0	1448202
0	0	1069	0	0	0	1448218
0	0	1072	0	0	0	1448233
0	0	1069	0	0	0	1448247
0	-4	1065	0	0	0	1448261
0	0	1065	0	0	0	1448276
4	0	1069	0	0	0	1448305
-3	0	1065	0	0	0	1448320
0	0	1069	0	0	0	1448335
0	0	1065	0	0	0	1448349
0	0	1069	0	0	0	1448364
0	0	1065	0	0	0	1448378
0	0	1065	0	0	0	1448421
0	0	1069	0	0	0	1448436
0	0	1069	0	0	0	1448450
0	0	1065	0	0	0	1448464
-4	0	1069	0	0	0	1448479
0	0	1072	0	0	0	1448494
0	0	1072	0	0	0	1448523
0	0	1066	0	0	0	1448537
4	0	1069	0	0	0	1448551
0	0	1065	0	0	0	1448565
0	0	1072	0	0	0	1448579
0	0	1069	0	0	0	1448593
0	0	1066	0	0	0	1448622
0	0	1065	0	0	0	1448637
0	0	1062	0	0	0	1448651
0	0	1068	0	0	0	1448665
0	0	1065	0	0	0	1448679
0	0	1065	0	0	0	1448694
-4	0	1069	0	0	0	1448723
0	0	1069	0	0	0	1448738
0	0	1069	0	0	0	1448752
0	0	1065	0	0	0	1448766
0	0	1069	0	0	0	1448780
0	-4	1065	0	0	0	1448795
0	-4	1072	0	0	0	1448824
0	0	1069	0	0	0	1448839
0	0	1065	0	0	0	1448853
4	0	1069	0	0	0	1448867
0	0	1065	0	0	0	1448881
4	0	1065	0	0	0	1448895
0	0	1066	0	0	0	1448923
-4	0	1069	0	0	0	1448940
0	0	1069	0	0	0	1448955
0	0	1065	0	0	0	1448969
0	0	1065	0	0	0	1448983
0	0	1069	0	0	0	1448997
4	0	1072	0	0	0	1449011
0	0	1069	0	0	0	1449043
4	0	1069	0	0	0	1449057
0	0	1065	0	0	0	1449071
0	0	1062	0	0	0	1449085
0	-4	1065	0	0	0	1449100
0	0	1065	0	0	0	1449114
0	0	1065	0	0	0	1449143
4	0	1065	0	0	0	1449157
0	0	1072	0	0	0	1449171
4	0	1066	0	0	0	1449185
0	0	1065	0	0	0	1449199
0	0	1065	0	0	0	1449213
0	0	1062	0	0	0	1449242
0	0	1061	0	0	0	1449259
0	-4	1065	0	0	0	1449273
0	0	1069	0	0	0	1449288
0	0	1069	0	0	0	1449303
0	0	1069	0	0	0	1449318
0	0	1072	0	0	0	1449346
0	0	1076	0	0	0	1449360
0	0	1070	0	0	0	1449374
0	0	1073	0	0	0	1449388
0	0	1069	0	0	0	1449402
0	0	1065	0	0	0	1449416
0	4	1065	0	0	0	1449446
0	0	1069	0	0	0	1449461
4	0	1065	0	0	0	1449475
0	0	1069	0	0	0	1449489
0	0	1072	0	0	0	1449506
0	0	1062	0	0	0	1449520
0	0	1065	0	0	0	1449534
0	0	1065	0	0	0	1449563
-4	0	1069	0	0	0	1449577
3	-4	1069	0	0	0	1449591
0	0	1069	0	0	0	1449605
0	0	1065	0	0	0	1449619
0	0	1065	0	0	0	1449633
0	0	1069	0	0	0	1449662
0	-4	1065	0	0	0	1449676
0	3	1069	0	0	0	1449690
4	0	1072	0	0	0	1449704
0	0	1069	0	0	0	1449718
0	4	1065	0	0	0	1449732
4	0	1076	0	0	0	1449777
0	0	1066	0	0	0	1449791
4	0	1062	0	0	0	1449805
0	0	1068	0	0	0	1449819
4	0	1069	0	0	0	1449833
4	0	1069	0	0	0	1449847
0	0	1072	0	0	0	1449875
0	0	1066	0	0	0	1449889
0	0	1072	0	0	0	1449903
0	0	1066	0	0	0	1449918
0	0	1069	0	0	0	1449932
0	0	1072	0	0	0	1449946
-4	0	1069	0	0	0	1449978
0	0	1069	0	0	0	1449992
0	0	1065	0	0	0	1450006
0	0	1069	0	0	0	1450021
0	0	1069	0	0	0	1450035
0	0	1072	0	0	0	1450050
4	0	1065	0	0	0	1450080
0	0	1065	0	0	0	1450094
0	0	1065	0	0	0	1450108
4	0	1065	0	0	0	1450122
0	0	1069	0	0	0	1450136
0	4	1072	0	0	0	1450150
0	-4	1069	0	0	0	1450182
0	0	1065	0	0	0	1450197
4	4	1065	0	0	0	1450211
0	0	1069	0	0	0	1450225
0	0	1069	0	0	0	1450240
0	0	1069	0	0	0	1450254
0	0	1069	0	0	0	1450271
0	0	1065	0	0	0	1450300
4	0	1069	0	0	0	1450314
0	-4	1069	0	0	0	1450328
0	0	1069	0	0	0	1450342
0	0	1069	0	0	0	1450356
0	0	1069	0	0	0	1450373
0	0	1069	0	0	0	1450402
4	-4	1069	0	0	0	1450416
0	0	1069	0	0	0	1450430
0	-4	1069	0	0	0	1450445
0	0	1069	0	0	0	1450459
0	0	1069	0	0	0	1450476
4	0	1072	0	0	0	1450504
0	0	1069	0	0	0	1450519
4	4	1069	0	0	0	1450533
0	0	1065	0	0	0	1450548
0	0	1069	0	0	0	1450562
0	0	1065	0	0	0	1450576
0	0	1069	0	0	0	1450590
0	0	1069	0	0	0	1450618
0	0	1072	0	0	0	1450632
0	0	1069	0	0	0	1450646
0	0	1069	0	0	0	1450660
0	-4	1065	0	0	0	1450674
0	0	1069	0	0	0	1450688
0	0	1069	0	0	0	1450717
4	0	1069	0	0	0	1450731
-3	0	1073	0	0	0	1450745
3	0	1069	0	0	0	1450759
4	0	1073	0	0	0	1450773
0	0	1066	0	0	0	1450789
0	0	1066	0	0	0	1450817
4	0	1072	0	0	0	1450831
0	0	1069	0	0	0	1450846
0	0	1069	0	0	0	1450860
0	0	1065	0	0	0	1450874
0	0	1069	0	0	0	1450888
0	0	1065	0	0	0	1450916
0	0	1065	0	0	0	1450931
0	0	1069	0	0	0	1450945
0	0	1065	0	0	0	1450959
0	0	1069	0	0	0	1450973
0	0	1065	0	0	0	1450990
0	0	1069	0	0	0	1451018
0	0	1069	0	0	0	1451032
0	0	1069	0	0	0	1451046
0	0	1065	0	0	0	1451060
0	0	1065	0	0	0	1451074
0	0	1065	0	0	0	1451092
0	0	1069	0	0	0	1451121
4	0	1065	0	0	0	1451135
0	0	1072	0	0	0	1451150
0	0	1066	0	0	0	1451164
0	0	1069	0	0	0	1451178
0	0	1065	0	0	0	1451195
4	0	1069	0	0	0	1451238
0	0	1069	0	0	0	1451253
0	0	1069	0	0	0	1451267
0	0	1065	0	0	0	1451282
0	4	1065	0	0	0	1451297
0	0	1069	0	0	0	1451311
0	0	1069	0	0	0	1451339
0	0	1072	0	0	0	1451353
-4	0	1069	0	0	0	1451367
0	0	1069	0	0	0	1451381
0	-4	1069	0	0	0	1451398
0	0	1072	0	0	0	1451413
0	0	1065	0	0	0	1451441
0	0	1065	0	0	0	1451456
0	0	1069	0	0	0	1451470
0	0	1069	0	0	0	1451485
0	0	1065	0	0	0	1451500
0	0	1072	0	0	0	1451514
4	0	1068	0	0	0	1451543
-3	0	1072	0	0	0	1451557
0	4	1073	0	0	0	1451571
0	0	1066	0	0	0	1451585
0	0	1072	0	0	0	1451599
0	0	1066	0	0	0	1451613
0	0	1069	0	0	0	1451627
0	0	1065	0	0	0	1451655
0	0	1069	0	0	0	1451670
0	0	1065	0	0	0	1451684
0	0	1069	0	0	0	1451699
4	0	1065	0	0	0	1451714
0	0	1065	0	0	0	1451728
4	0	1069	0	0	0	1451757
0	0	1072	0	0	0	1451771
0	0	1069	0	0	0	1451785
0	4	1065	0	0	0	1451800
4	0	1069	0	0	0	1451815
0	0	1062	0	0	0	1451829
0	0	1061	0	0	0	1451843
0	0	1065	0	0	0	1451872
0	0	1069	0	0	0	1451886
0	0	1072	0	0	0	1451900
0	4	1066	0	0	0	1451915
0	4	1069	0	0	0	1451929
0	0	1062	0	0	0	1451943
0	4	1065	0	0	0	1451974
0	0	1072	0	0	0	1451988
0	4	1062	0	0	0	1452003
0	0	1065	0	0	0	1452018
0	0	1065	0	0	0	1452032
0	0	1069	0	0	0	1452046
0	-4	1069	0	0	0	1452060
0	0	1069	0	0	0	1452090
-4	0	1062	0	0	0	1452104
0	0	1065	0	0	0	1452119
0	-4	1069	0	0	0	1452133
0	0	1069	0	0	0	1452147
0	0	1065	0	0	0	1452164
0	0	1065	0	0	0	1452192
4	0	1072	0	0	0	1452207
0	0	1069	0	0	0	1452221
0	0	1065	0	0	0	1452235
0	0	1069	0	0	0	1452249
0	0	1069	0	0	0	1452263
0	0	1065	0	0	0	1452291
4	0	1065	0	0	0	1452306
0	0	1065	0	0	0	1452322
0	-4	1069	0	0	0	1452336
-4	0	1069	0	0	0	1452350
3	0	1065	0	0	0	1452364
0	0	1066	0	0	0	1452392
4	0	1065	0	0	0	1452407
-3	0	1072	0	0	0	1452424
0	0	1069	0	0	0	1452438
0	0	1069	0	0	0	1452452
0	0	1069	0	0	0	1452468
0	-4	1069	0	0	0	1452497
0	0	1069	0	0	0	1452511
0	0	1072	0	0	0	1452525
0	0	1069	0	0	0	1452539
0	0	1069	0	0	0	1452553
0	0	1065	0	0	0	1452568
0	0	1065	0	0	0	1452596
0	0	1069	0	0	0	1452610
0	0	1069	0	0	0	1452627
0	0	1069	0	0	0	1452642
0	0	1072	0	0	0	1452656
0	0	1066	0	0	0	1452670
0	-4	1066	0	0	0	1452698
-4	0	1072	0	0	0	1452712
0	0	1066	0	0	0	1452729
4	-4	1072	0	0	0	1452744
0	0	1069	0	0	0	1452758
0	0	1073	0	0	0	1452772
-4	0	1066	0	0	0	1452801
0	0	1069	0	0	0	1452815
0	0	1072	0	0	0	1452829
0	0	1069	0	0	0	1452843
7	0	1069	0	0	0	1452857
1	0	1069	0	0	0	1452872
0	0	1062	0	0	0	1452886
0	0	1065	0	0	0	1452914
-4	0	1072	0	0	0	1452929
0	0	1069	0	0	0	1452944
0	0	1069	0	0	0	1452958
-4	0	1076	0	0	0	1452973
-4	0	1066	0	0	0	1452989
0	0	1069	0	0	0	1453017
0	0	1069	0	0	0	1453031
0	0	1069	0	0	0	1453046
0	0	1069	0	0	0	1453060
0	0	1065	0	0	0	1453074
0	0	1069	0	0	0	1453088
0	0	1069	0	0	0	1453116
4	0	1072	0	0	0	1453131
0	-4	1069	0	0	0	1453146
0	0	1065	0	0	0	1453160
0	0	1069	0	0	0	1453174
4	-4	1069	0	0	0	1453189
0	0	1069	0	0	0	1453217
0	0	1062	0	0	0	1453231
4	0	1068	0	0	0	1453246
0	0	1072	0	0	0	1453260
0	0	1069	0	0	0	1453274
0	0	1073	0	0	0	1453288
0	0	1065	0	0	0	1453316
0	0	1069	0	0	0	1453331
0	0	1069	0	0	0	1453346
0	0	1065	0	0	0	1453360
0	0	1065	0	0	0	1453374
0	0	1069	0	0	0	1453388
0	0	1065	0	0	0	1453402
0	0	1069	0	0	0	1453431
0	0	1065	0	0	0	1453448
0	4	1065	0	0	0	1453462
0	0	1065	0	0	0	1453476
0	0	1069	0	0	0	1453490
-4	0	1069	0	0	0	1453505
0	0	1069	0	0	0	1453548
0	0	1069	0	0	0	1453562
0	0	1065	0	0	0	1453576
0	4	1062	0	0	0	1453593
4	0	1068	0	0	0	1453607
0	0	1069	0	0	0	1453621
-4	-4	1069	0	0	0	1453649
0	0	1065	0	0	0	1453663
4	4	1072	0	0	0	1453677
0	0	1069	0	0	0	1453691
4	0	1069	0	0	0	1453706
0	0	1069	0	0	0	1453720
0	0	1065	0	0	0	1453749
0	0	1069	0	0	0	1453764
0	0	1069	0	0	0	1453778
0	0	1069	0	0	0	1453792
4	4	1069	0	0	0	1453806
0	0	1072	0	0	0	1453820
0	0	1076	0	0	0	1453834
4	-4	1062	0	0	0	1453865
0	0	1065	0	0	0	1453879
0	0	1069	0	0	0	1453893
0	0	1065	0	0	0	1453908
0	-4	1065	0	0	0	1453923
0	0	1072	0	0	0	1453937
0	0	1068	0	0	0	1453968
0	0	1062	0	0	0	1453982
0	0	1068	0	0	0	1453996
0	0	1065	0	0	0	1454013
0	0	1069	0	0	0	1454028
0	0	1065	0	0	0	1454042
0	0	1065	0	0	0	1454070
0	0	1061	0	0	0	1454084
0	0	1072	0	0	0	1454098
0	0	1069	0	0	0	1454113
0	0	1069	0	0	0	1454127
0	0	1069	0	0	0	1454141
0	0	1069	0	0	0	1454171
0	0	1065	0	0	0	1454185
0	0	1069	0	0	0	1454199
0	0	1065	0	0	0	1454216
0	0	1062	0	0	0	1454231
-4	0	1061	0	0	0	1454245
0	0	1069	0	0	0	1454274
0	0	1069	0	0	0	1454288
0	0	1069	0	0	0	1454302
0	0	1069	0	0	0	1454316
0	0	1069	0	0	0	1454330
4	0	1065	0	0	0	1454344
4	0	1065	0	0	0	1454359
0	0	1069	0	0	0	1454388
0	0	1065	0	0	0	1454402
4	0	1069	0	0	0	1454418
0	0	1076	0	0	0	1454433
0	0	1070	0	0	0	1454447
0	0	1069	0	0	0	1454463
0	-4	1069	0	0	0	1454491
0	0	1069	0	0	0	1454505
0	0	1072	0	0	0	1454520
0	0	1073	0	0	0	1454534
0	0	1069	0	0	0	1454548
0	-4	1073	0	0	0	1454562
0	0	1065	0	0	0	1454591
0	0	1069	0	0	0	1454605
0	0	1072	0	0	0	1454619
0	0	1069	0	0	0	1454633
-4	0	1069	0	0	0	1454648
0	0	1069	0	0	0	1454662
0	0	1069	0	0	0	1454692
0	0	1069	0	0	0	1454706
0	0	1065	0	0	0	1454720
0	0	1065	0	0	0	1454734
0	0	1072	0	0	0	1454748
0	0	1069	0	0	0	1454762
0	-4	1062	0	0	0	1454793
0	0	1068	0	0	0	1454807
0	0	1069	0	0	0	1454821
0	0	1065	0	0	0	1454836
4	0	1069	0	0	0	1454851
0	-4	1065	0	0	0	1454866
0	0	1069	0	0	0	1454896
0	-4	1069	0	0	0	1454910
-4	0	1065	0	0	0	1454924
0	0	1069	0	0	0	1454939
0	0	1069	0	0	0	1454953
0	0	1069	0	0	0	1454967
4	4	1072	0	0	0	1454996
-3	0	1069	0	0	0	1455010
0	0	1069	0	0	0	1455024
0	0	1069	0	0	0	1455038
0	0	1069	0	0	0	1455052
0	0	1069	0	0	0	1455066
0	0	1065	0	0	0	1455083
0	0	1072	0	0	0	1455112
0	0	1069	0	0	0	1455126
4	0	1069	0	0	0	1455140
0	0	1065	0	0	0	1455154
0	0	1069	0	0	0	1455169
0	0	1065	0	0	0	1455185
-4	0	1072	0	0	0	1455214
0	0	1069	0	0	0	1455228
0	4	1069	0	0	0	1455244
0	0	1073	0	0	0	1455258
0	0	1066	0	0	0	1455272
0	-4	1072	0	0	0	1455286
0	0	1069	0	0	0	1455300
0	-4	1065	0	0	0	1455328
0	0	1069	0	0	0	1455342
4	0	1065	0	0	0	1455356
0	0	1065	0	0	0	1455371
0	0	1069	0	0	0	1455386
-4	0	1069	0	0	0	1455401
0	0	1069	0	0	0	1455430
0	0	1065	0	0	0	1455446
0	-4	1065	0	0	0	1455460
0	0	1065	0	0	0	1455474
0	0	1065	0	0	0	1455489
4	0	1069	0	0	0	1455503
0	0	1069	0	0	0	1455531
0	0	1072	0	0	0	1455545
0	0	1066	0	0	0	1455559
0	-4	1069	0	0	0	1455573
0	0	1065	0	0	0	1455587
0	0	1069	0	0	0	1455601
4	0	1065	0	0	0	1455630
0	0	1065	0	0	0	1455644
0	0	1069	0	0	0	1455658
0	0	1069	0	0	0	1455672
0	0	1069	0	0	0	1455687
0	0	1065	0	0	0	1455702
0	0	1073	0	0	0	1455730
0	0	1066	0	0	0	1455744
0	0	1072	0	0	0	1455758
0	0	1066	0	0	0	1455774
0	-4	1069	0	0	0	1455789
0	0	1069	0	0	0	1455804
0	0	1069	0	0	0	1455832
0	0	1069	0	0	0	1455849
0	0	1069	0	0	0	1455863
0	0	1069	0	0	0	1455877
0	0	1069	0	0	0	1455892
0	4	1076	0	0	0	1455906
0	0	1069	0	0	0	1455934
0	0	1073	0	0	0	1455948
0	0	1069	0	0	0	1455962
0	0	1069	0	0	0	1455976
-4	4	1073	0	0	0	1455990
0	0	1066	0	0	0	1456008
0	0	1069	0	0	0	1456022
0	0	1065	0	0	0	1456050
0	0	1069	0	0	0	1456064
0	0	1072	0	0	0	1456078
0	0	1069	0	0	0	1456092
0	-4	1069	0	0	0	1456110
0	0	1073	0	0	0	1456124
-4	-4	1069	0	0	0	1456152
0	0	1069	0	0	0	1456166
0	0	1069	0	0	0	1456180
0	0	1072	0	0	0	1456194
4	0	1069	0	0	0	1456212
0	0	1065	0	0	0	1456226
0	0	1069	0	0	0	1456254
0	0	1065	0	0	0	1456269
0	0	1069	0	0	0	1456283
0	0	1069	0	0	0	1456297
0	0	1065	0	0	0	1456312
0	-4	1069	0	0	0	1456326
0	0	1065	0	0	0	1456340
0	0	1065	0	0	0	1456368
0	0	1065	0	0	0	1456382
0	-4	1065	0	0	0	1456396
0	0	1065	0	0	0	1456411
-4	0	1069	0	0	0	1456426
0	0	1069	0	0	0	1456441
0	0	1065	0	0	0	1456470
0	0	1072	0	0	0	1456484
0	0	1069	0	0	0	1456498
0	0	1069	0	0	0	1456512
0	-4	1069	0	0	0	1456526
0	-4	1069	0	0	0	1456541
-4	-4	1069	0	0	0	1456569
0	0	1069	0	0	0	1456583
0	0	1069	0	0	0	1456597
4	4	1065	0	0	0	1456611
0	0	1062	0	0	0	1456626
-4	0	1068	0	0	0	1456640
0	0	1069	0	0	0	1456668
0	0	1065	0	0	0	1456683
0	0	1065	0	0	0	1456698
0	0	1072	0	0	0	1456712
0	0	1069	0	0	0	1456727
0	0	1065	0	0	0	1456741
0	0	1069	0	0	0	1456755
0	0	1069	0	0	0	1456784
0	0	1065	0	0	0	1456798
0	0	1065	0	0	0	1456812
0	0	1069	0	0	0	1456828
0	0	1069	0	0	0	1456842
0	0	1069	0	0	0	1456856
0	-4	1069	0	0	0	1456884
0	0	1065	0	0	0	1456898
0	0	1069	0	0	0	1456912
0	0	1072	0	0	0	1456929
-4	0	1076	0	0	0	1456944
0	-4	1070	0	0	0	1456958
0	-4	1069	0	0	0	1456987
0	0	1065	0	0	0	1457001
0	0	1062	0	0	0	1457015
0	0	1068	0	0	0	1457029
0	0	1069	0	0	0	1457044
0	0	1072	0	0	0	1457058
0	0	1069	0	0	0	1457086
0	0	1065	0	0	0	1457100
0	0	1062	0	0	0	1457114
0	0	1068	0	0	0	1457131
0	0	1069	0	0	0	1457146
0	0	1069	0	0	0	1457160
0	0	1065	0	0	0	1457203
-4	0	1065	0	0	0	1457217
0	0	1065	0	0	0	1457234
0	0	1069	0	0	0	1457248
0	4	1069	0	0	0	1457263
0	0	1069	0	0	0	1457277
0	0	1065	0	0	0	1457306
0	0	1069	0	0	0	1457320
0	0	1065	0	0	0	1457334
0	0	1069	0	0	0	1457348
0	0	1065	0	0	0	1457362
0	0	1069	0	0	0	1457376
0	0	1069	0	0	0	1457404
0	0	1073	0	0	0	1457418
0	0	1069	0	0	0	1457434
0	0	1065	0	0	0	1457451
4	0	1065	0	0	0	1457465
0	0	1069	0	0	0	1457479
0	0	1069	0	0	0	1457494
0	0	1069	0	0	0	1457522
0	0	1069	0	0	0	1457537
-4	0	1065	0	0	0	1457554
0	0	1072	0	0	0	1457568
0	0	1066	0	0	0	1457582
0	-4	1065	0	0	0	1457597
0	0	1065	0	0	0	1457629
0	0	1065	0	0	0	1457643
0	0	1069	0	0	0	1457657
-4	0	1069	0	0	0	1457671
0	0	1069	0	0	0	1457685
4	0	1069	0	0	0	1457699
0	0	1069	0	0	0	1457727
0	0	1069	0	0	0	1457742
0	0	1069	0	0	0	1457757
0	0	1065	0	0	0	1457772
0	0	1069	0	0	0	1457786
0	0	1069	0	0	0	1457801
0	0	1065	0	0	0	1457829
0	0	1069	0	0	0	1457844
0	0	1069	0	0	0	1457858
0	0	1072	0	0	0	1457872
0	0	1069	0	0	0	1457886
0	0	1069	0	0	0	1457900
0	-4	1066	0	0	0	1457928
0	0	1065	0	0	0	1457943
0	0	1069	0	0	0	1457957
-4	0	1069	0	0	0	1457972
0	0	1069	0	0	0	1457986
0	0	1069	0	0	0	1458002
0	0	1072	0	0	0	1458031
0	0	1066	0	0	0	1458045
0	0	1069	0	0	0	1458060
0	0	1069	0	0	0	1458074
0	0	1069	0	0	0	1458088
0	0	1069	0	0	0	1458102
0	-4	1069	0	0	0	1458130
0	0	1069	0	0	0	1458145
0	0	1069	0	0	0	1458160
0	0	1072	0	0	0	1458174
0	0	1062	0	0	0	1458188
4	0	1061	0	0	0	1458202
4	0	1065	0	0	0	1458219
0	0	1065	0	0	0	1458247
0	0	1072	0	0	0	1458261
0	0	1069	0	0	0	1458276
0	0	1065	0	0	0	1458290
0	0	1069	0	0	0	1458304
0	0	1062	0	0	0	1458318
0	0	1065	0	0	0	1458346
4	0	1065	0	0	0	1458363
0	0	1069	0	0	0	1458377
0	0	1069	0	0	0	1458391
-4	0	1072	0	0	0	1458405
0	0	1073	0	0	0	1458419
0	0	1069	0	0	0	1458447
4	0	1069	0	0	0	1458465
4	0	1065	0	0	0	1458479
0	0	1062	0	0	0	1458493
0	0	1065	0	0	0	1458507
0	0	1069	0	0	0	1458522
0	4	1065	0	0	0	1458536
4	3	1065	0	0	0	1458566
0	4	1069	0	0	0	1458580
0	0	1072	0	0	0	1458594
0	0	1069	0	0	0	1458608
0	-4	1073	0	0	0	1458622
4	0	1069	0	0	0	1458636
0	0	1065	0	0	0	1458667
0	0	1069	0	0	0	1458682
0	0	1072	0	0	0	1458696
0	4	1069	0	0	0	1458710
-4	0	1073	0	0	0	1458725
0	0	1066	0	0	0	1458739
0	-4	1062	0	0	0	1458767
-4	0	1068	0	0	0	1458782
0	-4	1065	0	0	0	1458796
0	0	1072	0	0	0	1458810
0	0	1073	0	0	0	1458824
0	0	1069	0	0	0	1458839
0	0	1069	0	0	0	1458883
4	0	1065	0	0	0	1458898
4	0	1069	0	0	0	1458912
0	0	1069	0	0	0	1458926
4	0	1072	0	0	0	1458940
0	0	1069	0	0	0	1458954
0	0	1073	0	0	0	1458985
0	0	1069	0	0	0	1458999
0	0	1069	0	0	0	1459014
4	0	1065	0	0	0	1459030
0	0	1065	0	0	0	1459044
0	-4	1065	0	0	0	1459058
0	0	1069	0	0	0	1459090
0	-4	1069	0	0	0	1459104
0	0	1069	0	0	0	1459118
0	0	1069	0	0	0	1459134
0	-4	1065	0	0	0	1459149
0	0	1069	0	0	0	1459163
0	0	1069	0	0	0	1459192
0	0	1069	0	0	0	1459206
0	0	1069	0	0	0	1459220
0	0	1072	0	0	0	1459235
-4	0	1069	0	0	0	1459249
0	0	1062	0	0	0	1459263
4	0	1072	0	0	0	1459293
0	0	1066	0	0	0	1459307
0	0	1072	0	0	0	1459321
0	0	1066	0	0	0	1459338
0	0	1072	0	0	0	1459352
0	-4	1069	0	0	0	1459367
0	0	1069	0	0	0	1459395
0	0	1065	0	0	0	1459409
0	0	1069	0	0	0	1459423
0	4	1065	0	0	0	1459437
4	0	1072	0	0	0	1459451
0	0	1069	0	0	0	1459465
-4	0	1073	0	0	0	1459482
0	0	1065	0	0	0	1459511
0	0	1065	0	0	0	1459525
-4	-4	1065	0	0	0	1459542
0	0	1069	0	0	0	1459556
0	0	1065	0	0	0	1459570
4	0	1069	0	0	0	1459585
0	0	1069	0	0	0	1459613
0	-4	1065	0	0	0	1459627
0	0	1069	0	0	0	1459641
0	0	1072	0	0	0	1459655
0	0	1069	0	0	0	1459669
0	0	1073	0	0	0	1459684
0	0	1069	0	0	0	1459713
0	0	1069	0	0	0	1459727
0	0	1069	0	0	0	1459744
0	0	1072	0	0	0	1459759
0	0	1076	0	0	0	1459773
0	0	1063	0	0	0	1459788
0	0	1069	0	0	0	1459816
-4	0	1069	0	0	0	1459830
0	0	1069	0	0	0	1459845
0	0	1069	0	0	0	1459859
0	0	1072	0	0	0	1459873
0	0	1069	0	0	0	1459887
0	0	1069	0	0	0	1459916
0	0	1069	0	0	0	1459930
0	0	1069	0	0	0	1459944
0	0	1065	0	0	0	1459958
0	0	1069	0	0	0	1459972
4	0	1065	0	0	0	1459987
4	0	1069	0	0	0	1460017
0	0	1072	0	0	0	1460031
0	0	1066	0	0	0	1460045
0	0	1069	0	0	0	1460059
0	0	1069	0	0	0	1460073
0	0	1069	0	0	0	1460089
4	0	1065	0	0	0	1460104
0	-4	1066	0	0	0	1460132
0	0	1065	0	0	0	1460146
7	0	1069	0	0	0	1460161
1	-4	1069	0	0	0	1460175
0	0	1069	0	0	0	1460189
0	0	1069	0	0	0	1460206
0	0	1069	0	0	0	1460234
0	0	1065	0	0	0	1460248
0	0	1065	0	0	0	1460263
0	0	1065	0	0	0	1460277
0	0	1065	0	0	0	1460292
4	0	1069	0	0	0	1460306
0	0	1069	0	0	0	1460334
-4	0	1069	0	0	0	1460348
3	0	1065	0	0	0	1460362
0	0	1069	0	0	0	1460376
0	0	1069	0	0	0	1460390
0	0	1069	0	0	0	1460409
0	0	1065	0	0	0	1460438
0	0	1062	0	0	0	1460452
0	0	1072	0	0	0	1460466
0	0	1080	0	0	0	1460480
0	0	1070	0	0	0	1460494
0	0	1069	0	0	0	1460512
0	0	1065	0	0	0	1460540
0	0	1069	0	0	0	1460554
0	0	1069	0	0	0	1460568
4	0	1069	0	0	0	1460583
4	0	1069	0	0	0	1460597
0	0	1069	0	0	0	1460614
0	0	1068	0	0	0	1460642
0	0	1072	0	0	0	1460656
0	0	1069	0	0	0	1460671
0	0	1076	0	0	0	1460685
4	0	1066	0	0	0	1460699
0	0	1065	0	0	0	1460716
0	0	1073	0	0	0	1460746
4	4	1062	0	0	0	1460760
0	0	1068	0	0	0	1460775
4	0	1069	0	0	0	1460789
0	-4	1065	0	0	0	1460803
-4	-4	1065	0	0	0	1460817
0	0	1069	0	0	0	1460859
0	0	1069	0	0	0	1460873
0	0	1072	0	0	0	1460887
0	0	1066	0	0	0	1460901
0	-4	1065	0	0	0	1460917
4	0	1065	0	0	0	1460932
0	-4	1066	0	0	0	1460960
4	0	1072	0	0	0	1460975
0	0	1069	0	0	0	1460990
0	0	1069	0	0	0	1461004
0	0	1065	0	0	0	1461018
0	0	1069	0	0	0	1461032
4	0	1066	0	0	0	1461060
0	0	1065	0	0	0	1461074
0	0	1065	0	0	0	1461089
0	0	1065	0	0	0	1461103
0	0	1072	0	0	0	1461117
0	0	1069	0	0	0	1461132
0	0	1065	0	0	0	1461161
4	-4	1065	0	0	0	1461175
0	0	1069	0	0	0	1461189
0	0	1065	0	0	0	1461203
0	0	1069	0	0	0	1461217
0	0	1069	0	0	0	1461232
0	0	1072	0	0	0	1461260
0	0	1073	0	0	0	1461274
0	0	1062	0	0	0	1461289
0	0	1068	0	0	0	1461304
0	0	1065	0	0	0	1461318
0	0	1065	0	0	0	1461333
0	0	1069	0	0	0	1461361
0	0	1065	0	0	0	1461376
4	0	1069	0	0	0	1461390
0	0	1069	0	0	0	1461404
0	4	1072	0	0	0	1461418
0	0	1069	0	0	0	1461435
0	0	1065	0	0	0	1461463
0	0	1069	0	0	0	1461477
0	0	1065	0	0	0	1461491
0	-4	1072	0	0	0	1461505
0	0	1069	0	0	0	1461519
0	0	1065	0	0	0	1461537
0	0	1065	0	0	0	1461551
3	0	1069	0	0	0	1461579
0	0	1065	0	0	0	1461593
0	0	1062	0	0	0	1461607
0	0	1068	0	0	0	1461622
0	0	1065	0	0	0	1461639
0	0	1076	0	0	0	1461653
0	0	1062	0	0	0	1461681
0	0	1065	0	0	0	1461696
0	0	1069	0	0	0	1461710
0	0	1062	0	0	0	1461724
0	0	1068	0	0	0	1461741
0	0	1069	0	0	0	1461756
0	0	1066	0	0	0	1461784
0	0	1069	0	0	0	1461798
0	0	1069	0	0	0	1461812
0	0	1069	0	0	0	1461826
0	0	1069	0	0	0	1461843
0	0	1062	0	0	0	1461858
-4	0	1065	0	0	0	1461886
0	0	1069	0	0	0	1461900
4	-4	1065	0	0	0	1461914
0	0	1058	0	0	0	1461928
0	0	1068	0	0	0	1461945
0	0	1062	0	0	0	1461960
0	0	1065	0	0	0	1461988
0	0	1065	0	0	0	1462003
0	-4	1069	0	0	0	1462017
0	0	1069	0	0	0	1462031
0	-4	1065	0	0	0	1462048
0	-4	1069	0	0	0	1462063
4	0	1069	0	0	0	1462091
0	0	1069	0	0	0	1462105
0	0	1065	0	0	0	1462119
-4	0	1072	0	0	0	1462133
0	0	1069	0	0	0	1462150
0	-4	1062	0	0	0	1462165
0	0	1069	0	0	0	1462193
0	0	1069	0	0	0	1462208
0	0	1069	0	0	0	1462222
0	-4	1069	0	0	0	1462236
0	-4	1072	0	0	0	1462250
0	0	1069	0	0	0	1462266
0	0	1073	0	0	0	1462294
0	0	1066	0	0	0	1462308
0	0	1072	0	0	0	1462322
4	0	1066	0	0	0	1462336
4	0	1065	0	0	0	1462353
0	0	1069	0	0	0	1462368
0	0	1069	0	0	0	1462410
0	0	1069	0	0	0	1462424
0	0	1072	0	0	0	1462438
0	4	1073	0	0	0	1462455
0	0	1069	0	0	0	1462470
0	0	1069	0	0	0	1462484
-4	-4	1065	0	0	0	1462512
0	0	1072	0	0	0	1462526
0	0	1066	0	0	0	1462540
0	0	1065	0	0	0	1462555
0	0	1069	0	0	0	1462570
0	0	1069	0	0	0	1462584
4	0	1069	0	0	0	1462613
0	0	1069	0	0	0	1462627
4	0	1065	0	0	0	1462641
0	0	1072	0	0	0	1462657
0	0	1066	0	0	0	1462671
0	0	1069	0	0	0	1462685
0	0	1072	0	0	0	1462714
0	0	1073	0	0	0	1462728
0	0	1069	0	0	0	1462742
0	-4	1073	0	0	0	1462758
0	0	1062	0	0	0	1462774
0	0	1065	0	0	0	1462788
0	0	1069	0	0	0	1462816
0	0	1065	0	0	0	1462831
0	0	1069	0	0	0	1462845
0	0	1069	0	0	0	1462860
0	0	1069	0	0	0	1462875
0	0	1072	0	0	0	1462889
4	0	1073	0	0	0	1462917
0	0	1069	0	0	0	1462931
0	-4	1069	0	0	0	1462945
0	0	1069	0	0	0	1462960
0	0	1069	0	0	0	1462975
0	0	1069	0	0	0	1462989
0	0	1069	0	0	0	1463020
0	0	1072	0	0	0	1463034
0	0	1069	0	0	0	1463048
-4	-4	1065	0	0	0	1463063
0	0	1069	0	0	0	1463077
0	0	1065	0	0	0	1463092
0	0	1066	0	0	0	1463134
4	0	1065	0	0	0	1463148
0	0	1065	0	0	0	1463162
0	0	1065	0	0	0	1463177
0	0	1069	0	0	0	1463193
0	4	1069	0	0	0	1463207
0	4	1065	0	0	0	1463238
0	-3	1069	0	0	0	1463252
-4	-25	1058	0	-1	0	1463266
7	-3	1064	0	0	0	1463281
1	7	1061	0	0	0	1463295
0	-3	1075	0	0	0	1463309
0	0	1065	0	0	0	1463337
0	-4	1065	0	0	0	1463351
0	-4	1065	0	0	0	1463366
0	3	1065	0	0	0	1463381
0	0	1069	0	0	0	1463395
0	0	1069	0	0	0	1463409
0	0	1069	0	0	0	1463437
0	0	1069	0	0	0	1463451
0	0	1065	0	0	0	1463466
0	0	1065	0	0	0	1463483
0	-4	1069	0	0	0	1463497
0	0	1069	0	0	0	1463511
0	0	1072	0	0	0	1463525
0	0	1065	0	0	0	1463553
0	0	1065	0	0	0	1463568
4	0	1069	0	0	0	1463585
4	0	1072	0	0	0	1463599
0	0	1069	0	0	0	1463613
0	0	1069	0	0	0	1463627
0	3	1069	0	0	0	1463656
0	-3	1069	0	0	0	1463670
0	0	1065	0	0	0	1463687
0	0	1069	0	0	0	1463701
4	0	1065	0	0	0	1463716
4	0	1069	0	0	0	1463730
0	0	1069	0	0	0	1463758
0	-4	1069	0	0	0	1463772
0	0	1069	0	0	0	1463789
0	0	1065	0	0	0	1463804
4	0	1069	0	0	0	1463818
0	0	1065	0	0	0	1463832
0	0	1069	0	0	0	1463861
4	0	1069	0	0	0	1463875
0	0	1062	0	0	0	1463889
0	-4	1065	0	0	0	1463903
0	-4	1069	0	0	0	1463917
0	0	1065	0	0	0	1463932
0	0	1072	0	0	0	1463960
0	0	1073	0	0	0	1463974
0	0	1066	0	0	0	1463990
0	0	1069	0	0	0	1464005
0	0	1069	0	0	0	1464019
0	0	1069	0	0	0	1464033
0	0	1069	0	0	0	1464062
0	0	1065	0	0	0	1464076
4	0	1072	0	0	0	1464091
0	0	1066	0	0	0	1464105
0	0	1065	0	0	0	1464120
0	0	1069	0	0	0	1464134
0	0	1072	0	0	0	1464162
0	0	1066	0	0	0	1464176
4	0	1069	0	0	0	1464192
-3	0	1065	0	0	0	1464207
0	0	1065	0	0	0	1464221
-4	0	1076	0	0	0	1464236
0	0	1066	0	0	0	1464264
0	4	1065	0	0	0	1464278
0	0	1065	0	0	0	1464294
0	0	1069	0	0	0	1464309
0	0	1069	0	0	0	1464323
0	4	1069	0	0	0	1464338
0	0	1069	0	0	0	1464354
0	0	1073	0	0	0	1464382
0	0	1069	0	0	0	1464399
0	0	1069	0	0	0	1464413
0	-4	1069	0	0	0	1464427
4	0	1069	0	0	0	1464442
0	0	1069	0	0	0	1464456
0	0	1069	0	0	0	1464484
0	0	1065	0	0	0	1464500
0	0	1065	0	0	0	1464517
0	0	1069	0	0	0	1464532
0	0	1069	0	0	0	1464546
0	0	1065	0	0	0	1464560
0	0	1069	0	0	0	1464589
0	0	1069	0	0	0	1464603
0	0	1069	0	0	0	1464620
4	0	1069	0	0	0	1464634
0	0	1072	0	0	0	1464648
-4	0	1066	0	0	0	1464662
0	0	1069	0	0	0	1464691
0	0	1069	0	0	0	1464706
0	0	1065	0	0	0	1464721
4	-4	1065	0	0	0	1464735
0	0	1069	0	0	0	1464749
0	0	1065	0	0	0	1464764
0	4	1065	0	0	0	1464779
0	0	1065	0	0	0	1464808
0	0	1069	0	0	0	1464823
0	0	1072	0	0	0	1464837
0	0	1066	0	0	0	1464851
-4	0	1065	0	0	0	1464866
-4	0	1069	0	0	0	1464880
0	0	1062	0	0	0	1464912
-4	-4	1065	0	0	0	1464926
0	0	1069	0	0	0	1464940
0	4	1069	0	0	0	1464955
4	0	1069	0	0	0	1464969
0	0	1069	0	0	0	1464983
0	0	1065	0	0	0	1465027
0	0	1065	0	0	0	1465041
0	0	1065	0	0	0	1465057
-4	0	1069	0	0	0	1465071
0	0	1069	0	0	0	1465085
0	0	1065	0	0	0	1465099
0	0	1069	0	0	0	1465129
0	0	1069	0	0	0	1465144
-4	0	1065	0	0	0	1465158
0	0	1069	0	0	0	1465174
0	0	1065	0	0	0	1465189
0	0	1069	0	0	0	1465203
0	0	1069	0	0	0	1465217
-4	0	1069	0	0	0	1465246
0	-4	1069	0	0	0	1465260
0	0	1069	0	0	0	1465274
0	4	1065	0	0	0	1465288
0	0	1072	0	0	0	1465302
0	0	1066	0	0	0	1465317
0	0	1072	0	0	0	1465346
0	0	1069	0	0	0	1465360
0	0	1069	0	0	0	1465377
0	0	1069	0	0	0	1465391
0	0	1065	0	0	0	1465405
0	0	1069	0	0	0	1465420
4	0	1062	0	0	0	1465463
0	0	1065	0	0	0	1465477
0	0	1072	0	0	0	1465491
0	-4	1069	0	0	0	1465505
0	0	1073	0	0	0	1465519
0	-4	1069	0	0	0	1465534
0	0	1069	0	0	0	1465562
0	0	1065	0	0	0	1465579
0	0	1062	0	0	0	1465594
0	0	1072	0	0	0	1465608
0	0	1066	0	0	0	1465622
0	0	1065	0	0	0	1465637
4	4	1069	0	0	0	1465665
0	0	1065	0	0	0	1465679
0	0	1065	0	0	0	1465693
0	0	1065	0	0	0	1465707
0	-4	1065	0	0	0	1465722
0	0	1069	0	0	0	1465737
0	0	1069	0	0	0	1465765
0	0	1069	0	0	0	1465782
0	0	1065	0	0	0	1465797
0	0	1069	0	0	0	1465811
0	0	1069	0	0	0	1465825
0	0	1065	0	0	0	1465839
0	0	1065	0	0	0	1465867
-4	0	1065	0	0	0	1465881
0	0	1072	0	0	0	1465895
0	4	1073	0	0	0	1465909
4	4	1062	0	0	0	1465923
0	0	1065	0	0	0	1465938
0	0	1069	0	0	0	1465952
0	0	1065	0	0	0	1465980
4	0	1065	0	0	0	1465995
0	0	1065	0	0	0	1466009
0	-4	1072	0	0	0	1466023
0	0	1069	0	0	0	1466040
0	0	1069	0	0	0	1466055
0	0	1071	0	0	0	1466083
4	0	1066	0	0	0	1466097
0	0	1069	0	0	0	1466111
0	0	1069	0	0	0	1466125
0	0	1072	0	0	0	1466143
0	-4	1066	0	0	0	1466157
0	0	1065	0	0	0	1466185
0	0	1065	0	0	0	1466200
4	0	1061	0	0	0	1466214
0	0	1068	0	0	0	1466228
0	0	1065	0	0	0	1466242
0	0	1062	0	0	0	1466257
0	0	1069	0	0	0	1466286
4	0	1072	0	0	0	1466300
0	0	1069	0	0	0	1466314
0	0	1065	0	0	0	1466328
0	0	1065	0	0	0	1466344
0	-4	1065	0	0	0	1466359
0	0	1069	0	0	0	1466387
0	0	1065	0	0	0	1466404
0	0	1065	0	0	0	1466418
4	0	1069	0	0	0	1466432
0	0	1065	0	0	0	1466446
0	0	1065	0	0	0	1466461
0	4	1065	0	0	0	1466475
4	4	1065	0	0	0	1466503
0	0	1069	0	0	0	1466517
0	0	1069	0	0	0	1466531
0	-4	1065	0	0	0	1466546
0	0	1065	0	0	0	1466561
0	0	1065	0	0	0	1466576
0	0	1069	0	0	0	1466606
0	0	1072	0	0	0	1466620
0	0	1066	0	0	0	1466634
0	0	1069	0	0	0	1466649
0	0	1069	0	0	0	1466664
0	0	1072	0	0	0	1466678
0	0	1065	0	0	0	1466706
-4	0	1069	0	0	0	1466720
0	0	1065	0	0	0	1466734
0	0	1065	0	0	0	1466748
0	0	1069	0	0	0	1466763
0	0	1072	0	0	0	1466777
0	0	1066	0	0	0	1466791
0	0	1066	0	0	0	1466820
0	4	1065	0	0	0	1466834
0	0	1069	0	0	0	1466848
0	0	1072	0	0	0	1466863
0	4	1066	0	0	0	1466877
4	0	1069	0	0	0	1466892
0	0	1069	0	0	0	1466935
0	0	1072	0	0	0	1466950
0	0	1066	0	0	0	1466965
0	-4	1072	0	0	0	1466979
0	0	1069	0	0	0	1466993
0	0	1065	0	0	0	1467008
0	0	1069	0	0	0	1467036
0	0	1069	0	0	0	1467050
0	0	1069	0	0	0	1467067
4	0	1065	0	0	0	1467081
0	0	1069	0	0	0	1467095
0	0	1072	0	0	0	1467109
0	0	1073	0	0	0	1467138
0	0	1069	0	0	0	1467153
0	0	1069	0	0	0	1467167
4	0	1065	0	0	0	1467181
0	0	1076	0	0	0	1467195
0	0	1066	0	0	0	1467209
0	0	1065	0	0	0	1467223
-4	0	1069	0	0	0	1467251
0	-4	1073	0	0	0	1467266
0	3	1066	0	0	0	1467281
0	0	1069	0	0	0	1467295
-4	0	1065	0	0	0	1467309
0	0	1069	0	0	0	1467324
0	0	1065	0	0	0	1467352
0	0	1069	0	0	0	1467367
0	4	1065	0	0	0	1467381
0	4	1072	0	0	0	1467395
0	0	1066	0	0	0	1467409
0	0	1069	0	0	0	1467423
0	0	1069	0	0	0	1467437
4	0	1069	0	0	0	1467466
4	0	1069	0	0	0	1467481
0	0	1069	0	0	0	1467495
0	0	1065	0	0	0	1467509
0	-4	1065	0	0	0	1467526
4	0	1065	0	0	0	1467540
0	0	1061	0	0	0	1467569
0	-4	1068	0	0	0	1467583
0	0	1069	0	0	0	1467597
0	0	1065	0	0	0	1467611
0	0	1069	0	0	0	1467625
0	0	1069	0	0	0	1467639
4	0	1062	0	0	0	1467668
0	0	1068	0	0	0	1467683
0	0	1065	0	0	0	1467697
0	0	1065	0	0	0	1467711
0	0	1072	0	0	0	1467725
0	0	1069	0	0	0	1467740
4	0	1069	0	0	0	1467784
0	0	1069	0	0	0	1467798
0	0	1069	0	0	0	1467813
0	0	1069	0	0	0	1467827
0	0	1065	0	0	0	1467842
4	0	1065	0	0	0	1467856
0	0	1069	0	0	0	1467886
0	0	1065	0	0	0	1467900
0	0	1069	0	0	0	1467914
0	0	1065	0	0	0	1467928
0	0	1065	0	0	0	1467942
0	0	1069	0	0	0	1467957
0	0	1069	0	0	0	1467988
0	0	1069	0	0	0	1468002
4	4	1065	0	0	0	1468016
0	0	1069	0	0	0	1468030
-4	0	1069	0	0	0	1468045
0	0	1069	0	0	0	1468059
0	0	1065	0	0	0	1468088
0	0	1065	0	0	0	1468102
0	0	1069	0	0	0	1468116
0	0	1065	0	0	0	1468130
0	0	1072	0	0	0	1468144
0	0	1066	0	0	0	1468158
4	0	1072	0	0	0	1468172
4	0	1069	0	0	0	1468202
0	0	1062	0	0	0	1468217
0	0	1061	0	0	0	1468231
0	-4	1068	0	0	0	1468245
0	0	1069	0	0	0	1468259
0	4	1069	0	0	0	1468273
3	0	1065	0	0	0	1468304
0	0	1072	0	0	0	1468318
0	0	1069	0	0	0	1468332
0	0	1073	0	0	0	1468347
0	0	1069	0	0	0	1468361
0	0	1069	0	0	0	1468375
-4	0	1065	0	0	0	1468390
0	0	1065	0	0	0	1468418
0	0	1065	0	0	0	1468432
0	0	1069	0	0	0	1468446
4	0	1065	0	0	0	1468460
0	0	1065	0	0	0	1468475
0	0	1069	0	0	0	1468489
0	0	1072	0	0	0	1468518
0	0	1066	0	0	0	1468532
4	0	1069	0	0	0	1468548
0	0	1065	0	0	0	1468563
0	-4	1069	0	0	0	1468577
0	0	1069	0	0	0	1468591
0	0	1065	0	0	0	1468619
0	0	1069	0	0	0	1468633
0	0	1065	0	0	0	1468647
-4	0	1069	0	0	0	1468661
0	0	1065	0	0	0	1468675
0	0	1069	0	0	0	1468691
0	0	1065	0	0	0	1468706
0	0	1072	0	0	0	1468734
0	0	1066	0	0	0	1468748
0	0	1065	0	0	0	1468762
0	0	1069	0	0	0	1468776
0	0	1065	0	0	0	1468791
0	0	1065	0	0	0	1468809
0	0	1069	0	0	0	1468837
0	4	1065	0	0	0	1468851
0	0	1069	0	0	0	1468866
0	4	1069	0	0	0	1468880
0	0	1069	0	0	0	1468894
0	0	1065	0	0	0	1468909
0	0	1072	0	0	0	1468937
0	0	1066	0	0	0	1468951
0	0	1072	0	0	0	1468966
0	0	1069	0	0	0	1468980
4	0	1065	0	0	0	1468994
0	4	1065	0	0	0	1469011
0	0	1065	0	0	0	1469025
0	0	1072	0	0	0	1469053
0	0	1076	0	0	0	1469067
0	0	1070	0	0	0	1469082
0	4	1065	0	0	0	1469096
0	0	1072	0	0	0	1469113
0	0	1069	0	0	0	1469127
0	0	1069	0	0	0	1469155
0	0	1065	0	0	0	1469170
0	0	1062	0	0	0	1469184
0	0	1065	0	0	0	1469198
0	-4	1069	0	0	0	1469215
0	0	1065	0	0	0	1469229
0	0	1069	0	0	0	1469272
4	0	1065	0	0	0	1469286
-3	0	1072	0	0	0	1469300
0	0	1073	0	0	0	1469316
0	0	1069	0	0	0	1469331
7	0	1065	0	0	0	1469345
-1	18	1072	0	0	0	1469374
-11	-2	1073	0	0	0	1469389
-5	-7	1066	0	0	0	1469403
-4	3	1072	0	0	0	1469417
3	-3	1059	0	0	0	1469431
0	-4	1064	0	0	0	1469445
0	0	1076	0	0	0	1469473
0	0	1066	0	0	0	1469487
-4	0	1069	0	0	0	1469501
0	0	1069	0	0	0	1469517
4	0	1069	0	0	0	1469532
0	0	1076	0	0	0	1469546
4	0	1065	0	0	0	1469575
0	0	1065	0	0	0	1469589
4	0	1065	0	0	0	1469604
0	0	1069	0	0	0	1469619
0	4	1065	0	0	0	1469633
0	4	1069	0	0	0	1469647
-4	0	1065	0	0	0	1469675
0	-14	1062	0	0	0	1469689
7	-12	1079	0	0	0	1469703
-17	84	1116	0	4	0	1469717
-23	-9	1091	1	0	0	1469733
-66	3	1156	3	0	0	1469748
7	21	1085	0	1	0	1469776
15	-30	1053	0	-1	0	1469790
5	-45	1096	0	-2	0	1469804
43	41	1004	-2	2	0	1469818
-20	15	1094	1	0	0	1469834
-2	-23	1054	0	-1	0	1469848
17	-50	1030	0	-2	0	1469875
-16	-16	1104	0	0	0	1469890
37	-12	1030	-2	0	0	1469904
25	-5	1065	-1	0	0	1469919
31	0	1047	-1	0	0	1469934
14	-11	1074	0	0	0	1469948
-60	47	1033	3	2	0	1469976
61	8	1069	-3	0	0	1469990
-29	-38	1083	1	-2	0	1470004
36	0	1060	-1	0	0	1470018
4	-4	1072	0	0	0	1470035
15	-4	1087	0	0	0	1470049
-1	-6	1068	0	0	0	1470077
18	-50	1058	0	-2	0	1470091
73	-1	1071	-3	0	0	1470105
36	-7	1044	-1	0	0	1470119
46	-54	1056	-2	-2	0	1470137
-77	182	990	4	10	0	1470151
119	-75	1343	-5	-3	0	1470179
-154	-107	1210	7	-4	0	1470193
-8	-233	1161	0	-11	0	1470207
-26	136	1106	1	7	0	1470221
-109	343	1338	4	14	0	1470238
-14	363	1248	0	16	0	1470253
-13	109	706	1	8	0	1470281
-54	195	658	4	16	0	1470295
79	380	801	-5	25	0	1470309
8	533	922	0	30	0	1470323
22	580	768	-1	37	0	1470337
-79	557	724	4	37	0	1470352
41	527	807	-2	33	0	1470380
-31	604	753	1	38	0	1470394
-39	552	740	2	36	0	1470408
-25	550	803	1	34	0	1470422
-13	518	823	0	32	0	1470437
20	505	758	-1	33	0	1470452
-40	457	815	2	29	0	1470480
-15	424	803	0	27	0	1470494
2	368	812	0	24	0	1470509
-21	270	817	1	18	0	1470523
-37	253	821	2	17	0	1470537
-4	160	889	0	10	0	1470551
410	1774	410	-12	71	0	1470579
-925	570	4947	10	6	0	1470593
-78	-286	969	4	-16	0	1470607
190	-36	-193	-44	-7	0	1470621
132	-7	-118	-48	-2	0	1470635
-56	337	146	8	65	0	1470666
-23	890	542	1	58	0	1470680
648	22	2364	-15	0	0	1470694
518	741	512	-29	45	0	1470709
299	304	631	-23	23	0	1470723
58	-12	880	-3	0	0	1470737
110	461	846	-6	28	0	1470765
-46	318	1043	2	16	0	1470779
38	-180	989	-2	-10	0	1470793
-42	-82	863	2	-5	0	1470807
17	45	1098	0	2	0	1470821
182	50	1143	-9	2	0	1470835
-20	43	1058	1	2	0	1470864
-34	-13	1032	1	0	0	1470878
-35	2	1055	1	0	0	1470892
-21	11	1064	1	0	0	1470907
-27	-2	1072	1	0	0	1470921
1	-7	1076	0	0	0	1470935
6	-3	1069	0	0	0	1470965
4	-18	1076	0	0	0	1470980
4	-2	1077	0	0	0	1470994
-3	0	1066	0	0	0	1471008
-4	0	1072	0	0	0	1471022
-7	-4	1066	0	0	0	1471036
0	-4	1069	0	0	0	1471066
4	0	1069	0	0	0	1471080
0	0	1069	0	0	0	1471095
-4	-4	1069	0	0	0	1471111
-4	0	1072	0	0	0	1471125
0	0	1066	0	0	0	1471139
0	-4	1066	0	0	0	1471168
-4	-4	1062	0	0	0	1471182
-4	0	1072	0	0	0	1471196
0	0	1069	0	0	0	1471210
0	-4	1069	0	0	0	1471224
0	0	1065	0	0	0	1471238
0	0	1065	0	0	0	1471268
-4	0	1069	0	0	0	1471282
-4	0	1065	0	0	0	1471296
0	-4	1065	0	0	0	1471313
0	0	1069	0	0	0	1471327
0	0	1065	0	0	0	1471341
0	0	1069	0	0	0	1471384
0	-4	1069	0	0	0	1471398
-4	0	1069	0	0	0	1471412
0	-4	1072	0	0	0	1471426
0	0	1069	0	0	0	1471440
-4	-4	1069	0	0	0	1471455
4	0	1065	0	0	0	1471485
0	0	1069	0	0	0	1471499
-4	0	1069	0	0	0	1471513
-4	0	1069	0	0	0	1471527
3	0	1065	0	0	0	1471541
0	-4	1069	0	0	0	1471557
-4	0	1065	0	0	0	1471586
0	0	1069	0	0	0	1471600
0	-4	1065	0	0	0	1471614
0	0	1069	0	0	0	1471629
-4	-4	1069	0	0	0	1471643
0	-4	1069	0	0	0	1471658
0	0	1072	0	0	0	1471686
0	0	1066	0	0	0	1471701
0	0	1069	0	0	0	1471715
-216	1496	-56	8	81	0	1471729
-237	-685	1897	6	-19	0	1471743
415	-168	1258	-18	-7	0	1471757
-83	234	1186	3	11	0	1471788
-298	430	1095	14	20	0	1471802
-154	170	796	10	11	0	1471816
116	151	716	-8	11	0	1471830
26	238	715	-1	18	0	1471844
-12	476	786	0	31	0	1471873
-65	437	779	4	29	0	1471888
18	404	782	-1	27	0	1471902
-26	422	789	1	28	0	1471916
-24	378	818	1	24	0	1471931
-27	307	853	1	19	0	1471945
26	276	823	-1	18	0	1471974
10	215	836	0	14	0	1471988
-20	124	879	1	8	0	1472002
-48	73	930	2	4	0	1472016
476	-258	3425	-7	-4	0	1472030
-1120	-1713	5294	11	-17	0	1472044
257	-63	265	-43	-9	0	1472072
50	252	207	-8	49	0	1472087
-62	481	162	6	70	0	1472101
-183	-107	1229	8	-4	0	1472115
-666	-1150	2790	12	-21	0	1472132
217	26	751	-16	1	0	1472160
-42	141	977	2	8	0	1472174
-47	240	1085	2	12	0	1472188
73	190	1106	-3	9	0	1472202
-95	40	1108	4	2	0	1472216
-24	-343	1030	1	-18	0	1472230
-12	-75	1168	0	-3	0	1472258
119	53	1065	-6	2	0	1472272
44	55	1090	-2	2	0	1472288
11	-2	1046	0	0	0	1472303
-2	-50	1088	0	-2	0	1472317
-7	6	1050	0	0	0	1472331
-11	-20	1069	0	-1	0	1472359
-12	-6	1062	0	0	0	1472373
-1	7	1058	0	0	0	1472390
3	-3	1071	0	0	0	1472404
4	-4	1069	0	0	0	1472418
-3	3	1069	0	0	0	1472432
-4	0	1072	0	0	0	1472461
-36	14	1094	1	0	0	1472476
3	8	1050	0	0	0	1472493
0	-3	1085	0	0	0	1472508
-4	-4	1063	0	0	0	1472522
0	-25	1072	0	-1	0	1472536
0	-10	1066	0	0	0	1472551
6	7	1061	0	0	0	1472579
-3	-13	1061	0	0	0	1472593
-7	-1	1075	0	0	0	1472607
-4	0	1063	0	0	0	1472621
0	-7	1072	0	0	0	1472635
3	3	1069	0	0	0	1472649
-4	-4	1069	0	0	0	1472677
0	0	1069	0	0	0	1472693
-4	-4	1069	0	0	0	1472707
-4	-4	1062	0	0	0	1472722
-4	0	1072	0	0	0	1472736
3	0	1066	0	0	0	1472751
-4	0	1072	0	0	0	1472779
-4	-4	1073	0	0	0	1472794
0	0	1066	0	0	0	1472808
0	0	1069	0	0	0	1472822
0	0	1065	0	0	0	1472836
-4	0	1069	0	0	0	1472850
-4	-4	1065	0	0	0	1472878
0	0	1065	0	0	0	1472893
0	0	1076	0	0	0	1472908
0	0	1070	0	0	0	1472922
-4	0	1069	0	0	0	1472936
0	0	1069	0	0	0	1472950
0	0	1072	0	0	0	1472978
-4	0	1066	0	0	0	1472993
0	-4	1065	0	0	0	1473008
0	0	1069	0	0	0	1473022
-4	0	1069	0	0	0	1473036
-4	-4	1072	0	0	0	1473050
0	0	1066	0	0	0	1473078
0	0	1069	0	0	0	1473093
-4	0	1069	0	0	0	1473109
-4	-4	1065	0	0	0	1473123
0	0	1069	0	0	0	1473137
-4	0	1065	0	0	0	1473151
0	0	1061	0	0	0	1473179
0	-4	1065	0	0	0	1473193
0	0	1076	0	0	0	1473211
0	0	1070	0	0	0	1473225
0	0	1065	0	0	0	1473239
0	0	1069	0	0	0	1473253
-4	-4	1065	0	0	0	1473297
0	0	1065	0	0	0	1473311
0	0	1069	0	0	0	1473326
0	0	1069	0	0	0	1473340
0	0	1072	0	0	0	1473354
0	0	1066	0	0	0	1473368
0	-1	1069	0	0	0	1473397
-4	0	1062	0	0	0	1473414
-4	-4	1065	0	0	0	1473429
-4	-4	1065	0	0	0	1473443
-4	0	1065	0	0	0	1473457
-4	-4	1065	0	0	0	1473471
0	0	1072	0	0	0	1473499
0	-4	1066	0	0	0	1473516
0	0	1069	0	0	0	1473531
-286	-269	89	45	-41	0	1473545
-85	-320	1760	2	-10	0	1473559
271	17	1799	-8	0	0	1473574
77	207	1154	-3	10	0	1473602
-116	-47	932	7	-2	0	1473619
-125	13	847	8	0	0	1473633
-37	203	753	2	15	0	1473647
63	310	829	-4	20	0	1473661
-15	417	774	1	28	0	1473689
6	551	756	0	36	0	1473703
11	596	730	0	39	0	1473717
1	682	720	0	43	0	1473732
4	698	695	0	45	0	1473746
-3	721	681	0	46	0	1473760
12	795	665	0	50	0	1473789
1	769	675	0	48	0	1473803
-25	756	658	1	48	0	1473818
-27	776	667	1	49	0	1473832
-13	799	657	0	50	0	1473846
-23	794	642	1	51	0	1473860
-9	816	629	0	52	0	1473888
-26	842	608	1	54	0	1473902
1	845	613	0	54	0	1473916
0	852	599	0	54	0	1473931
4	860	583	0	55	0	1473945
11	875	578	0	56	0	1473959
5	884	559	0	57	0	1473987
4	891	537	0	58	0	1474001
4	903	528	0	59	0	1474016
4	911	516	0	60	0	1474031
-3	915	508	0	60	2	1474046
-4	930	486	0	62	2	1474060
-4	949	447	0	64	2	1474089
-7	954	427	0	65	2	1474103
-4	962	403	0	67	2	1474118
-4	980	366	0	69	2	1474133
-11	1000	316	0	72	2	1474148
-12	1037	286	0	74	2	1474162
8	1403	250	0	79	2	1474191
121	1000	347	-6	69	2	1474205
221	1303	-206	-9	76	2	1474220
15	986	114	0	83	2	1474235
5	856	114	0	82	2	1474249
15	931	-17	0	88	2	1474263
73	1613	-1375	-1	49	2	1474291
368	2301	-1934	-6	49	2	1474306
93	534	-243	-9	64	2	1474322
-122	223	-120	25	52	2	1474338
-185	429	-518	15	37	2	1474352
-192	365	-600	15	30	2	1474366
-213	341	-415	21	36	2	1474394
-255	321	-685	18	23	2	1474409
-163	244	-787	11	16	2	1474423
-154	-43	-1133	7	-2	2	1474440
-132	-156	-1072	6	-8	2	1474454
-434	47	-668	32	3	2	1474483
-676	-34	-735	42	-1	2	1474498
-690	-60	-717	43	-3	2	1474512
-561	-116	-662	39	-7	2	1474526
-498	-135	-728	33	-8	2	1474541
-323	-173	-786	21	-11	2	1474570
-354	-187	-793	23	-12	2	1474584
-407	-178	-780	26	-11	2	1474598
-472	-156	-761	31	-9	2	1474612
-461	-146	-769	30	-9	2	1474626
-408	-101	-775	27	-6	2	1474672
-423	-88	-767	28	-5	2	1474687
-445	-62	-752	30	-4	2	1474702
-441	-56	-744	30	-3	2	1474716
-415	-55	-704	30	-3	2	1474730
-465	120	-770	30	7	2	1474760
-496	277	-905	27	15	2	1474774
-318	456	-964	16	24	2	1474788
-42	650	-875	2	36	2	1474802
-61	380	-770	4	26	2	1474816
-82	410	-768	5	27	2	1474848
-150	412	-685	10	30	2	1474862
-192	444	-663	13	32	2	1474877
-217	483	-675	14	34	2	1474891
-199	536	-637	13	38	2	1474905
-161	567	-626	10	41	2	1474919
-71	648	-581	4	47	2	1474951
-67	609	-507	4	49	2	1474965
-484	981	-910	19	43	2	1474980
457	1704	-523	-14	67	2	1474994
-78	1366	-438	3	71	2	1475009
-79	1135	-212	3	78	2	1475038
-11	923	-255	0	74	0	1476052
-5	909	-245	0	74	0	1476069
-4	915	-212	0	76	0	1476084
-4	919	-202	0	77	0	1476098
0	920	-183	0	78	0	1476112
-41	991	-118	2	82	0	1476141
-11	1061	-90	0	85	2	1476155
20	1206	-55	0	87	2	1476170
-16	1079	16	0	88	2	1476184
87	1268	157	-3	81	2	1476199
69	1177	210	-3	79	2	1476213
12	1025	193	0	79	2	1476241
12	997	217	0	77	2	1476255
15	1005	220	0	77	2	1476271
30	988	245	-1	75	2	1476286
28	1004	215	-1	77	2	1476301
49	953	262	-2	74	2	1476315
28	992	275	-1	74	2	1476343
31	973	289	-1	73	2	1476357
-22	1091	443	1	67	2	1476372
-9	901	228	0	75	2	1476387
-75	985	415	4	66	2	1476402
187	806	257	-12	68	2	1476416
-24	943	584	1	58	2	1476444
33	844	345	-2	67	2	1476459
85	350	374	-9	42	2	1476473
-48	760	515	3	55	2	1476490
-47	904	487	2	61	2	1476505
-155	764	655	8	48	2	1476548
-153	731	684	8	46	2	1476562
-61	717	776	3	42	2	1476577
-13	602	764	0	38	2	1476592
34	559	908	-1	31	2	1476606
157	649	905	-8	35	2	1476634
48	620	780	-2	38	2	1476648
-34	465	941	1	26	2	1476662
-74	453	1038	3	23	2	1476677
-50	473	970	2	25	2	1476693
-129	482	1041	6	24	2	1476707
-23	368	1042	1	19	2	1476735
5	334	1052	0	17	2	1476751
22	323	1060	-1	16	2	1476765
48	319	1050	-2	16	2	1476779
26	315	1049	-1	16	2	1476794
20	261	1049	-1	13	2	1476808
62	237	999	-3	13	2	1476836
10	264	1002	0	14	2	1476850
-176	224	1091	8	11	2	1476865
-166	178	1103	8	9	2	1476879
-119	142	1072	6	7	2	1476896
-125	134	1083	6	7	2	1476911
-119	140	1080	6	7	2	1476939
-114	184	1077	5	9	2	1476953
-118	206	1095	6	10	2	1476967
-19	144	1050	1	7	2	1476982
12	71	1035	0	3	2	1476999
-12	80	1077	0	4	2	1477042
66	89	1059	-3	4	2	1477057
67	23	1057	-3	1	2	1477071
-11	-44	1040	0	-2	2	1477085
-19	38	1052	1	2	2	1477099
-126	-116	995	7	-6	2	1477142
-20	-12	1076	1	0	0	1478156
2	-5	1059	0	0	0	1478173
-3	0	1082	0	0	0	1478188
3	3	1070	0	0	0	1478202
15	0	1066	0	0	0	1478231
16	-3	1072	0	0	0	1478245
16	-4	1069	0	0	0	1478259
9	-4	1073	0	0	0	1478273
-3	3	1073	0	0	0	1478287
-4	4	1073	0	0	0	1478301
-4	-3	1069	0	0	0	1478316
3	0	1069	0	0	0	1478345
7	-4	1065	0	0	0	1478360
4	0	1072	0	0	0	1478374
4	0	1066	0	0	0	1478388
0	-4	1069	0	0	0	1478402
0	0	1062	0	0	0	1478416
0	0	1069	0	0	0	1478447
4	0	1069	0	0	0	1478461
7	0	1065	0	0	0	1478476
1	0	1069	0	0	0	1478490
0	0	1065	0	0	0	1478504
-7	0	1072	0	0	0	1478518
7	0	1069	0	0	0	1478549
8	0	1069	0	0	0	1478563
4	0	1062	0	0	0	1478578
4	0	1068	0	0	0	1478593
4	0	1069	0	0	0	1478607
4	0	1072	0	0	0	1478621
4	0	1065	0	0	0	1478649
0	0	1069	0	0	0	1478663
4	0	1065	0	0	0	1478678
0	0	1069	0	0	0	1478692
4	0	1065	0	0	0	1478706
4	0	1065	0	0	0	1478720
0	-4	1069	0	0	0	1478752
0	0	1065	0	0	0	1478766
4	0	1069	0	0	0	1478780
0	0	1065	0	0	0	1478794
4	0	1069	0	0	0	1478808
4	0	1065	0	0	0	1478823
4	4	1069	0	0	0	1478854
4	0	1069	0	0	0	1478868
0	0	1065	0	0	0	1478882
0	0	1065	0	0	0	1478897
4	0	1061	0	0	0	1478911
4	0	1068	0	0	0	1478926
0	0	1069	0	0	0	1478940
0	0	1069	0	0	0	1478968
0	0	1069	0	0	0	1478982
4	0	1065	0	0	0	1478996
4	0	1069	0	0	0	1479010
0	0	1069	0	0	0	1479024
0	0	1062	0	0	0	1479040
4	0	1069	0	0	0	1479070
4	0	1072	0	0	0	1479084
4	0	1069	0	0	0	1479098
0	-4	1069	0	0	0	1479112
0	-4	1069	0	0	0	1479126
4	3	1069	0	0	0	1479142
0	0	1069	0	0	0	1479158
4	0	1069	0	0	0	1479186
0	0	1069	0	0	0	1479201
4	0	1062	0	0	0	1479215
0	0	1065	0	0	0	1479229
0	0	1065	0	0	0	1479245
4	0	1069	0	0	0	1479259
4	0	1065	0	0	0	1479287
4	0	1065	0	0	0	1479301
0	0	1069	0	0	0	1479315
0	0	1069	0	0	0	1479329
4	0	1065	0	0	0	1479344
4	0	1069	0	0	0	1479359
0	0	1069	0	0	0	1479387
4	0	1069	0	0	0	1479404
0	-4	1069	0	0	0	1479418
4	0	1069	0	0	0	1479432
0	-4	1072	0	0	0	1479448
0	0	1069	0	0	0	1479462
4	0	1065	0	0	0	1479490
4	0	1065	0	0	0	1479504
4	0	1065	0	0	0	1479518
4	0	1069	0	0	0	1479532
4	-4	1065	0	0	0	1479547
0	0	1065	0	0	0	1479562
0	-4	1069	0	0	0	1479606
7	0	1065	0	0	0	1479621
1	0	1069	0	0	0	1479635
0	0	1069	0	0	0	1479649
0	0	1069	0	0	0	1479664
4	0	1069	0	0	0	1479678
4	0	1065	0	0	0	1479706
0	0	1065	0	0	0	1479720
4	0	1065	0	0	0	1479734
0	0	1069	0	0	0	1479749
0	0	1065	0	0	0	1479765
0	0	1069	0	0	0	1479779
4	0	1069	0	0	0	1479807
0	0	1062	0	0	0	1479821
4	0	1072	0	0	0	1479835
0	0	1066	0	0	0	1479849
0	0	1065	0	0	0	1479866
0	0	1065	0	0	0	1479881
4	-4	1065	0	0	0	1479909
0	0	1065	0	0	0	1479924
0	0	1069	0	0	0	1479938
4	-4	1065	0	0	0	1479952
4	0	1062	0	0	0	1479967
0	0	1065	0	0	0	1479981
0	-4	1065	0	0	0	1480009
0	0	1069	0	0	0	1480023
4	0	1065	0	0	0	1480037
4	0	1069	0	0	0	1480051
4	0	1062	0	0	0	1480068
4	0	1061	0	0	0	1480083
0	0	1069	0	0	0	1480112
0	0	1065	0	0	0	1480127
0	0	1065	0	0	0	1480141
0	0	1065	0	0	0	1480155
0	0	1069	0	0	0	1480172
4	0	1065	0	0	0	1480186
0	0	1069	0	0	0	1480215
4	0	1065	0	0	0	1480230
4	0	1072	0	0	0	1480244
4	0	1069	0	0	0	1480258
0	0	1065	0	0	0	1480272
0	0	1069	0	0	0	1480286
0	0	1069	0	0	0	1480314
4	0	1069	0	0	0	1480328
4	0	1069	0	0	0	1480342
4	4	1065	0	0	0	1480356
4	0	1069	0	0	0	1480372
0	0	1072	0	0	0	1480387
0	0	1069	0	0	0	1480401
4	0	1069	0	0	0	1480429
4	-4	1065	0	0	0	1480443
0	0	1072	0	0	0	1480457
0	0	1069	0	0	0	1480473
4	0	1065	0	0	0	1480488
7	0	1065	0	0	0	1480502
4	0	1069	0	0	0	1480530
0	0	1069	0	0	0	1480544
0	0	1069	0	0	0	1480558
0	0	1065	0	0	0	1480573
0	0	1065	0	0	0	1480588
0	0	1065	0	0	0	1480602
4	0	1065	0	0	0	1480630
0	0	1065	0	0	0	1480644
-177	-913	1988	4	-24	0	1480659
-400	988	1960	10	26	0	1480673
204	233	1285	-8	10	0	1480688
413	-16	1232	-18	0	0	1480702
-121	-45	971	7	-2	0	1480730
108	-19	677	-9	-1	0	1480745
128	48	729	-9	3	0	1480759
193	-16	904	-12	-1	0	1480773
161	41	808	-11	2	0	1480787
163	-2	727	-12	0	0	1480815
190	-36	794	-13	-2	0	1480829
157	-18	773	-11	-1	0	1480843
101	-2	749	-7	0	0	1480857
3	-43	846	0	-2	0	1480871
43	-1	810	-3	0	0	1480885
-147	29	838	9	1	0	1480914
-248	-54	982	14	-3	0	1480928
1680	1250	2744	-29	21	0	1480943
-295	44	720	22	3	0	1480957
-160	-165	1084	8	-8	0	1480971
-448	358	543	34	26	0	1480989
106	-159	974	-6	-9	0	1481018
184	76	766	-13	5	0	1481032
270	160	1230	-12	7	0	1481046
430	94	1432	-16	3	0	1481060
11	-132	1006	0	-7	0	1481074
58	12	946	-3	0	0	1481089
70	17	995	-4	0	0	1481118
11	34	1097	0	1	0	1481132
29	10	1040	-1	0	0	1481147
-15	-34	1080	0	-1	0	1481161
-9	4	1067	0	0	0	1481175
-8	7	1072	0	0	0	1481190
-21	8	1066	1	0	0	1481218
-27	1	1079	1	0	0	1481232
-13	4	1070	0	0	0	1481246
-8	0	1076	0	0	0	1481260
-1	-4	1070	0	0	0	1481274
3	0	1069	0	0	0	1481289
7	-4	1072	0	0	0	1481318
1	0	1066	0	0	0	1481332
0	0	1069	0	0	0	1481346
4	4	1065	0	0	0	1481360
-3	0	1058	0	0	0	1481374
-4	0	1082	0	0	0	1481389
-15	1	1075	0	0	0	1481418
-19	0	1066	1	0	0	1481432
-9	4	1062	0	0	0	1481446
-1	-7	1068	0	0	0	1481461
7	-1	1069	0	0	0	1481475
1	0	1076	0	0	0	1481489
4	-4	1066	0	0	0	1481504
-7	0	1065	0	0	0	1481532
-4	0	1069	0	0	0	1481546
-4	4	1069	0	0	0	1481560
0	0	1069	0	0	0	1481574
0	0	1069	0	0	0	1481588
0	0	1065	0	0	0	1481606
-4	0	1065	0	0	0	1481634
-4	0	1072	0	0	0	1481648
-4	0	1069	0	0	0	1481662
0	0	1065	0	0	0	1481676
0	4	1069	0	0	0	1481691
-4	0	1065	0	0	0	1481708
-4	0	1069	0	0	0	1481736
-4	4	1072	0	0	0	1481751
0	4	1069	0	0	0	1481765
-4	-3	1069	0	0	0	1481780
0	0	1065	0	0	0	1481794
-4	0	1065	0	0	0	1481808
-4	4	1065	0	0	0	1481822
0	0	1069	0	0	0	1481850
0	0	1065	0	0	0	1481864
4	0	1062	0	0	0	1481878
-3	0	1068	0	0	0	1481892
0	0	1062	0	0	0	1481908
0	0	1068	0	0	0	1481923
0	4	1069	0	0	0	1481952
0	0	1069	0	0	0	1481967
-4	0	1065	0	0	0	1481981
0	0	1069	0	0	0	1481996
-4	0	1065	0	0	0	1482010
0	0	1065	0	0	0	1482024
0	0	1069	0	0	0	1482038
-4	-14	1089	0	0	0	1482066
14	-12	1050	0	0	0	1482080
-13	-1	1078	0	0	0	1482094
-30	18	1109	1	0	0	1482109
25	-51	1091	-1	-2	0	1482124
6	-26	1089	0	-1	0	1482138
-4	9	1057	0	0	0	1482166
0	4	1071	0	0	0	1482180
7	8	1066	0	0	0	1482194
-3	-3	1065	0	0	0	1482209
0	0	1065	0	0	0	1482224
0	4	1072	0	0	0	1482238
-4	3	1069	0	0	0	1482266
-4	4	1065	0	0	0	1482281
0	0	1069	0	0	0	1482295
0	0	1069	0	0	0	1482310
-4	0	1072	0	0	0	1482324
-4	4	1069	0	0	0	1482338
-4	4	1076	0	0	0	1482352
0	0	1073	0	0	0	1482380
4	0	1069	0	0	0	1482394
-3	0	1065	0	0	0	1482408
-4	0	1069	0	0	0	1482425
0	4	1065	0	0	0	1482440
-4	0	1072	0	0	0	1482454
0	-3	1069	0	0	0	1482482
-4	0	1062	0	0	0	1482496
31	-92	1178	-1	-4	0	1482510
-761	589	1207	29	22	0	1482528
278	-900	1843	-7	-25	0	1482542
396	-599	1712	-12	-18	0	1482556
116	108	1123	-5	5	0	1482585
-275	-35	1036	14	-1	0	1482599
-339	-248	1005	18	-13	0	1482613
-267	-283	861	16	-17	0	1482630
-193	-120	719	14	-9	0	1482644
73	-494	656	-5	-36	0	1482672
149	-541	593	-10	-41	0	1482686
-45	-514	597	3	-40	0	1482700
-26	-610	608	1	-45	0	1482714
50	-549	570	-3	-43	0	1482728
-16	-582	595	1	-44	0	1482743
33	-605	617	-2	-44	0	1482771
42	-602	603	-2	-44	0	1482785
33	-598	609	-2	-44	0	1482802
0	-566	609	0	-42	0	1482816
4	-534	599	0	-41	0	1482830
-21	-472	620	1	-37	0	1482860
-13	-387	593	1	-33	0	1482874
-8	-332	583	0	-29	0	1482888
-4	-238	582	0	-22	0	1482902
-11	-155	568	1	-15	0	1482916
-26	62	541	2	6	0	1482932
-52	461	585	3	38	0	1482960
685	-2522	7292	-5	-19	0	1482974
914	476	747	-45	21	0	1482989
-241	-610	1143	10	-27	0	1483003
-180	20	47	74	6	0	1483017
-67	172	164	15	44	0	1483031
602	-555	1205	-24	-22	0	1483060
-1100	118	2805	21	2	0	1483074
-1150	171	2381	25	3	0	1483088
37	77	832	-2	5	0	1483102
311	57	448	-34	5	0	1483116
-214	-321	1468	8	-12	0	1483145
42	67	1265	-1	3	0	1483159
167	-128	1064	-8	-6	0	1483173
-26	58	1093	1	3	0	1483187
68	-26	1057	-3	-1	0	1483201
49	-20	1036	-2	-1	0	1483215
33	-21	1051	-1	-1	0	1483246
3	-20	1078	0	-1	0	1483260
0	19	1052	0	1	0	1483274
-14	-9	1074	0	0	0	1483288
-12	-1	1062	0	0	0	1483303
-8	7	1061	0	0	0	1483317
3	0	1065	0	0	0	1483345
4	0	1076	0	0	0	1483360
4	0	1066	0	0	0	1483374
-3	-4	1072	0	0	0	1483388
0	0	1059	0	0	0	1483402
-7	0	1064	0	0	0	1483416
0	0	1069	0	0	0	1483445
0	0	1069	0	0	0	1483460
-4	0	1072	0	0	0	1483474
-4	-4	1069	0	0	0	1483488
-4	0	1069	0	0	0	1483503
-4	0	1065	0	0	0	1483517
0	0	1072	0	0	0	1483531
-4	0	1072	0	0	0	1483560
0	0	1069	0	0	0	1483574
-4	0	1065	0	0	0	1483588
0	-4	1069	0	0	0	1483602
0	-4	1065	0	0	0	1483616
0	-4	1069	0	0	0	1483630
0	0	1069	0	0	0	1483660
0	0	1069	0	0	0	1483674
0	0	1069	0	0	0	1483688
0	0	1069	0	0	0	1483703
-4	0	1069	0	0	0	1483717
-4	0	1069	0	0	0	1483731
0	-4	1076	0	0	0	1483761
-7	-4	1073	0	0	0	1483776
-4	0	1066	0	0	0	1483790
-4	0	1069	0	0	0	1483804
0	0	1069	0	0	0	1483819
0	0	1069	0	0	0	1483833
0	0	1065	0	0	0	1483862
-4	-4	1065	0	0	0	1483876
-4	0	1069	0	0	0	1483890
0	0	1069	0	0	0	1483904
-4	0	1072	0	0	0	1483918
0	0	1069	0	0	0	1483932
0	0	1069	0	0	0	1483963
0	0	1065	0	0	0	1483977
0	0	1065	0	0	0	1483991
-4	0	1069	0	0	0	1484007
0	0	1072	0	0	0	1484022
0	0	1066	0	0	0	1484036
-4	0	1065	0	0	0	1484065
-4	0	1069	0	0	0	1484079
-4	0	1069	0	0	0	1484093
-4	-4	1062	0	0	0	1484107
0	0	1065	0	0	0	1484121
0	0	1069	0	0	0	1484135
-354	927	1882	9	25	0	1484167
-141	-731	3230	2	-12	0	1484181
-325	132	3043	6	2	0	1484195
130	-411	1549	-4	-14	0	1484209
158	341	1212	-7	15	0	1484223
-295	-58	1196	13	-2	0	1484237
123	-121	821	-8	-8	0	1484268
136	-47	694	-11	-3	0	1484283
169	-263	512	-16	-26	0	1484297
134	-419	589	-10	-34	0	1484311
208	-502	607	-14	-38	0	1484325
40	-670	693	-2	-44	0	1484354
22	-622	617	-1	-45	0	1484368
-23	-550	617	1	-41	0	1484382
-66	-557	645	4	-40	0	1484396
-24	-558	606	1	-42	0	1484410
-17	-530	598	1	-41	0	1484424
27	-487	609	-1	-38	0	1484452
10	-441	567	0	-37	0	1484467
19	-405	577	-1	-35	0	1484482
-41	-348	606	3	-29	0	1484496
-22	-279	563	1	-26	0	1484510
-26	-18	547	2	-1	0	1484539
-63	104	522	6	11	0	1484553
-56	354	547	4	32	0	1484568
-1240	-2989	6977	9	-22	0	1484582
746	865	2112	-18	21	0	1484596
-240	405	275	26	47	0	1484610
-100	-74	37	50	-34	0	1484638
358	279	103	-50	36	0	1484652
163	92	240	-32	17	0	1484668
-1207	-274	3282	20	-4	0	1484682
-984	-225	2602	20	-4	0	1484696
409	267	242	-48	29	0	1484724
105	-157	1078	-5	-8	0	1484738
-241	-263	1735	7	-8	0	1484752
1	-86	920	0	-5	0	1484767
163	2	785	-11	0	0	1484782
-132	-25	1260	5	-1	0	1484796
4	-76	1135	0	-3	0	1484824
-28	-11	1107	1	0	0	1484839
15	-5	1098	0	0	0	1484853
-6	3	1075	0	0	0	1484868
-4	-10	1094	0	0	0	1484883
-22	6	1075	1	0	0	1484897
-6	3	1068	0	0	0	1484925
-11	-3	1069	0	0	0	1484939
9	-4	1069	0	0	0	1484953
1	-7	1065	0	0	0	1484967
0	-1	1065	0	0	0	1484984
-7	0	1065	0	0	0	1484998
-15	9	1077	0	0	0	1485027
-16	4	1073	0	0	0	1485041
23	-10	1062	-1	0	0	1485055
6	-5	1061	0	0	0	1485069
-6	-8	1079	0	0	0	1485086
-1	3	1063	0	0	0	1485101
3	0	1069	0	0	0	1485129
-3	0	1076	0	0	0	1485143
-4	0	1070	0	0	0	1485157
-4	4	1069	0	0	0	1485171
-4	0	1073	0	0	0	1485188
-4	0	1066	0	0	0	1485203
-4	0	1069	0	0	0	1485217
-4	0	1069	0	0	0	1485245
-4	0	1069	0	0	0	1485259
-4	0	1073	0	0	0	1485273
-4	0	1069	0	0	0	1485288
-4	0	1069	0	0	0	1485303
-4	0	1069	0	0	0	1485317
-4	0	1072	0	0	0	1485348
0	4	1069	0	0	0	1485362
0	0	1069	0	0	0	1485376
-4	0	1065	0	0	0	1485390
-4	0	1065	0	0	0	1485405
-4	0	1076	0	0	0	1485419
-4	0	1073	0	0	0	1485433
-4	0	1065	0	0	0	1485461
0	0	1065	0	0	0	1485475
-4	0	1069	0	0	0	1485491
0	0	1069	0	0	0	1485506
0	0	1069	0	0	0	1485520
0	0	1069	0	0	0	1485534
-4	0	1065	0	0	0	1485565
-4	0	1069	0	0	0	1485579
0	0	1069	0	0	0	1485595
0	-4	1072	0	0	0	1485609
-4	0	1069	0	0	0	1485623
0	0	1069	0	0	0	1485637
0	0	1065	0	0	0	1485651
0	0	1069	0	0	0	1485679
-4	0	1069	0	0	0	1485695
0	0	1069	0	0	0	1485710
0	0	1072	0	0	0	1485724
-4	0	1069	0	0	0	1485738
0	0	1065	0	0	0	1485753
-4	0	1072	0	0	0	1485781
0	0	1069	0	0	0	1485795
0	0	1065	0	0	0	1485810
0	0	1069	0	0	0	1485825
-4	-4	1069	0	0	0	1485839
0	0	1069	0	0	0	1485856
0	0	1072	0	0	0	1485884
0	0	1069	0	0	0	1485899
-340	1418	1398	9	44	0	1485914
-299	-513	3019	5	-9	0	1485928
-522	189	1649	17	6	0	1485942
114	-384	1520	-4	-14	0	1485955
186	-43	1398	-7	-1	0	1485983
-34	-149	1625	1	-5	0	1485998
11	-174	1577	0	-6	0	1486012
-38	89	992	2	5	0	1486026
28	136	693	-2	11	0	1486040
120	-478	575	-9	-39	0	1486068
185	-483	729	-11	-32	0	1486082
40	-575	635	-2	-42	0	1486096
32	-733	725	-1	-45	0	1486113
-32	-685	649	1	-46	0	1486127
-81	-581	620	5	-42	0	1486141
-35	-738	620	2	-49	0	1486170
-25	-696	603	1	-49	0	1486184
15	-798	637	0	-51	0	1486198
5	-837	633	0	-52	0	1486212
-28	-834	633	1	-52	0	1486226
-33	-808	591	1	-53	0	1486254
-3	-873	618	0	-54	0	1486268
-4	-865	603	0	-55	0	1486282
-4	-861	587	0	-55	0	1486296
-7	-885	586	0	-56	0	1486311
-1	-899	579	0	-57	0	1486326
-18	-910	559	0	-58	0	1486355
-23	-919	551	1	-59	0	1486369
-16	-927	533	0	-60	2	1486383
-19	-927	517	1	-60	2	1486397
-13	-998	490	0	-63	2	1486413
112	-1200	410	-5	-70	2	1486428
108	-949	432	-5	-64	2	1486457
74	-774	178	-5	-76	2	1486474
22	-778	343	-1	-66	2	1486488
-122	-750	346	8	-63	2	1486503
1739	-1921	-1161	-37	-42	2	1486518
68	-1076	-1500	-2	-35	2	1486546
-89	16	-811	6	1	2	1486561
-893	1890	-2313	16	37	2	1486575
-539	642	-864	26	32	2	1486589
-340	39	-589	29	3	2	1486603
-414	-466	-1026	20	-22	2	1486634
-56	-528	-814	3	-32	2	1486648
-200	-534	-654	13	-37	2	1486662
-41	-665	-677	2	-44	2	1486676
24	-739	-722	-1	-45	2	1486691
-262	-766	-522	15	-52	2	1486721
-168	-862	-491	9	-58	2	1486736
-137	-1027	-449	6	-65	2	1486750
-134	-973	-409	7	-66	2	1486764
18	-900	-370	-1	-67	2	1486779
55	-914	-377	-3	-67	2	1486794
115	-1058	-372	-5	-69	2	1486823
33	-1100	-189	-1	-80	2	1486837
32	-1005	-206	-1	-78	2	1486852
99	-1024	-251	-5	-75	2	1486866
120	-1008	-315	-6	-71	2	1486880
101	-926	-370	-5	-67	2	1486909
67	-927	-408	-3	-65	2	1486924
0	-963	-398	0	-67	2	1486939
-11	-949	-383	0	-68	2	1486954
-12	-940	-385	0	-67	2	1486968
-31	-896	-418	1	-64	2	1486996
-49	-846	-505	2	-59	2	1487011
-100	-824	-553	5	-55	2	1487026
-233	-786	-611	13	-50	2	1487041
-274	-765	-648	15	-47	2	1487056
-155	-644	-693	9	-42	2	1487099
-146	-623	-702	8	-40	2	1487113
-160	-600	-672	10	-41	2	1487129
-179	-605	-683	11	-40	2	1487144
-152	-623	-677	9	-41	2	1487158
-140	-689	-640	8	-46	2	1487189
-155	-748	-598	9	-50	2	1487204
-139	-779	-573	8	-52	2	1487218
-127	-799	-542	7	-55	2	1487232
-87	-876	-486	4	-60	2	1487247
-25	-908	-444	1	-63	2	1487275
-6	-897	-430	0	-64	2	1487289
-4	-924	-443	0	-64	2	1487304
14	-931	-444	0	-64	2	1487318
-20	-917	-416	1	-65	2	1487334
-6	-893	-479	0	-61	2	1487363
-29	-871	-490	1	-60	2	1487377
-176	-932	375	9	-66	0	1488392
-145	-861	388	8	-64	0	1488410
-14	-903	488	0	-61	0	1488424
-26	-879	456	1	-62	0	1488438
149	-742	460	-9	-56	0	1488467
149	-697	488	-9	-53	0	1488480
75	-699	519	-4	-53	0	1488494
39	-675	522	-2	-52	0	1488508
-49	-591	597	3	-44	0	1488522
-89	-481	739	5	-32	0	1488550
-313	-458	962	16	-24	0	1488567
-275	-56	857	17	-3	0	1488581
-307	-62	1058	16	-3	0	1488595
-17	1	1312	0	0	0	1488609
73	-25	1440	-2	0	0	1488623
-6	-355	1125	0	-17	0	1488651
14	-163	1276	0	-7	0	1488667
51	-140	1157	-2	-6	0	1488681
23	92	982	-1	5	0	1488695
98	98	1039	-5	5	0	1488709
-75	-280	4129	1	-3	0	1488724
664	203	509	-50	13	0	1488752
519	-549	1190	-21	-22	0	1488767
-37	-23	1187	1	-1	0	1488782
46	-360	869	-2	-22	0	1488796
-48	31	918	3	1	0	1488810
51	-158	1084	-2	-8	0	1488838
44	-51	1208	-2	-2	0	1488852
33	94	1094	-1	4	0	1488866
-29	9	1110	1	0	0	1488881
-59	-3	1066	3	0	0	1488895
-34	0	1044	1	0	0	1488909
-26	-14	1069	1	0	0	1488938
-24	13	1076	1	0	0	1488952
8	-2	1070	0	0	0	1488966
29	-4	1076	-1	0	0	1488981
49	3	1066	-2	0	0	1488995
47	0	1069	-2	0	0	1489009
10	0	1069	0	0	0	1489037
-6	0	1062	0	0	0	1489051
-11	0	1072	0	0	0	1489065
-5	4	1069	0	0	0	1489082
-4	0	1065	0	0	0	1489096
10	-4	1069	0	0	0	1489110
8	0	1069	0	0	0	1489124
1	0	1065	0	0	0	1489153
0	0	1069	0	0	0	1489167
-4	0	1072	0	0	0	1489184
0	0	1066	0	0	0	1489198
4	0	1069	0	0	0	1489212
4	0	1069	0	0	0	1489226
0	0	1069	0	0	0	1489255
-3	0	1069	0	0	0	1489270
7	0	1069	0	0	0	1489286
4	0	1072	0	0	0	1489300
7	-4	1066	0	0	0	1489314
1	0	1069	0	0	0	1489332
0	0	1069	0	0	0	1489361
4	0	1065	0	0	0	1489375
4	0	1072	0	0	0	1489389
4	0	1066	0	0	0	1489403
0	0	1072	0	0	0	1489417
0	0	1066	0	0	0	1489431
4	0	1062	0	0	0	1489460
4	4	1065	0	0	0	1489474
4	0	1072	0	0	0	1489491
4	0	1069	0	0	0	1489505
4	0	1065	0	0	0	1489520
4	0	1069	0	0	0	1489534
4	0	1065	0	0	0	1489576
0	0	1072	0	0	0	1489594
4	0	1069	0	0	0	1489608
0	0	1069	0	0	0	1489622
4	0	1073	0	0	0	1489636
4	-4	1069	0	0	0	1489651
4	0	1073	0	0	0	1489679
4	0	1066	0	0	0	1489696
7	0	1072	0	0	0	1489710
1	0	1069	0	0	0	1489724
4	-4	1069	0	0	0	1489738
0	-4	1069	0	0	0	1489754
4	0	1065	0	0	0	1489782
4	4	1069	0	0	0	1489796
4	0	1069	0	0	0	1489810
0	0	1069	0	0	0	1489824
4	0	1069	0	0	0	1489838
4	0	1065	0	0	0	1489852
0	-4	1065	0	0	0	1489896
4	0	1065	0	0	0	1489911
4	-4	1065	0	0	0	1489925
4	0	1069	0	0	0	1489939
4	-4	1065	0	0	0	1489954
7	0	1072	0	0	0	1489968
0	-4	1065	0	0	0	1489997
0	0	1072	0	0	0	1490011
4	0	1069	0	0	0	1490025
0	0	1069	0	0	0	1490039
0	0	1062	0	0	0	1490053
0	0	1072	0	0	0	1490067
0	0	1069	0	0	0	1490096
4	0	1065	0	0	0	1490111
4	0	1069	0	0	0	1490126
4	0	1069	0	0	0	1490140
0	4	1065	0	0	0	1490154
4	0	1072	0	0	0	1490169
4	0	1069	0	0	0	1490198
4	0	1069	0	0	0	1490212
0	0	1069	0	0	0	1490226
4	0	1069	0	0	0	1490240
0	0	1069	0	0	0	1490254
4	0	1062	0	0	0	1490270
0	0	1061	0	0	0	1490284
0	0	1065	0	0	0	1490313
4	0	1069	0	0	0	1490328
4	0	1069	0	0	0	1490342
0	0	1065	0	0	0	1490356
0	0	1065	0	0	0	1490370
0	-4	1061	0	0	0	1490384
0	0	1065	0	0	0	1490414
4	0	1069	0	0	0	1490428
0	0	1065	0	0	0	1490442
4	0	1069	0	0	0	1490456
4	0	1069	0	0	0	1490470
7	0	1062	0	0	0	1490484
0	-4	1065	0	0	0	1490516
0	-4	1069	0	0	0	1490530
4	0	1076	0	0	0	1490544
7	0	1066	0	0	0	1490558
1	0	1062	0	0	0	1490572
4	0	1072	0	0	0	1490587
4	0	1062	0	0	0	1490618
0	0	1065	0	0	0	1490632
4	0	1069	0	0	0	1490646
0	0	1069	0	0	0	1490661
0	0	1069	0	0	0	1490675
7	-4	1065	0	0	0	1490689
4	0	1069	0	0	0	1490720
0	-4	1062	0	0	0	1490735
4	3	1068	0	0	0	1490749
4	0	1069	0	0	0	1490763
0	-4	1072	0	0	0	1490778
0	0	1066	0	0	0	1490792
4	0	1065	0	0	0	1490823
4	4	1069	0	0	0	1490837
4	0	1069	0	0	0	1490851
4	0	1065	0	0	0	1490865
4	-4	1062	0	0	0	1490879
0	0	1072	0	0	0	1490893
4	-4	1069	0	0	0	1490939
4	0	1072	0	0	0	1490953
4	0	1069	0	0	0	1490967
0	0	1065	0	0	0	1490982
4	-4	1069	0	0	0	1490996
0	0	1069	0	0	0	1491010
0	0	1072	0	0	0	1491039
0	0	1069	0	0	0	1491053
4	0	1069	0	0	0	1491067
0	0	1065	0	0	0	1491081
4	0	1065	0	0	0	1491095
0	0	1069	0	0	0	1491109
4	0	1065	0	0	0	1491139
4	0	1069	0	0	0	1491154
4	0	1069	0	0	0	1491168
0	0	1062	0	0	0	1491183
0	-4	1061	0	0	0	1491198
0	0	1061	0	0	0	1491212
0	0	1069	0	0	0	1491241
4	0	1069	0	0	0	1491255
4	-4	1065	0	0	0	1491269
4	0	1065	0	0	0	1491283
7	0	1061	0	0	0	1491297
4	-4	1068	0	0	0	1491311
4	0	1065	0	0	0	1491341
4	0	1069	0	0	0	1491355
0	0	1069	0	0	0	1491369
4	0	1065	0	0	0	1491384
0	-4	1065	0	0	0	1491398
0	3	1065	0	0	0	1491412
0	0	1069	0	0	0	1491441
0	0	1065	0	0	0	1491455
4	0	1065	0	0	0	1491469
0	0	1069	0	0	0	1491484
0	0	1065	0	0	0	1491499
4	0	1065	0	0	0	1491513
4	0	1069	0	0	0	1491527
4	0	1062	0	0	0	1491555
4	0	1065	0	0	0	1491569
0	0	1065	0	0	0	1491584
-7	0	1065	0	0	0	1491598
-4	0	1069	0	0	0	1491612
3	0	1069	0	0	0	1491626
22	0	1069	-1	0	0	1491657
16	0	1072	0	0	0	1491671
5	0	1062	0	0	0	1491685
1	-4	1065	0	0	0	1491699
-7	0	1069	0	0	0	1491713
-4	4	1065	0	0	0	1491727
11	0	1069	0	0	0	1491759
8	0	1069	0	0	0	1491773
4	0	1065	0	0	0	1491787
0	0	1069	0	0	0	1491802
0	0	1069	0	0	0	1491816
0	-4	1065	0	0	0	1491830
4	3	1069	0	0	0	1491844
4	0	1065	0	0	0	1491872
0	4	1069	0	0	0	1491886
4	0	1065	0	0	0	1491901
4	0	1069	0	0	0	1491915
4	0	1065	0	0	0	1491929
4	0	1065	0	0	0	1491944
0	0	1069	0	0	0	1491973
0	0	1065	0	0	0	1491987
4	0	1065	0	0	0	1492001
4	0	1072	0	0	0	1492015
0	0	1069	0	0	0	1492029
4	0	1069	0	0	0	1492045
0	0	1069	0	0	0	1492060
0	0	1065	0	0	0	1492088
0	-4	1065	0	0	0	1492103
4	0	1069	0	0	0	1492117
0	4	1069	0	0	0	1492132
0	0	1072	0	0	0	1492148
0	0	1069	0	0	0	1492163
0	0	1069	0	0	0	1492191
4	0	1065	0	0	0	1492206
0	-4	1065	0	0	0	1492220
4	-4	1069	0	0	0	1492234
0	0	1065	0	0	0	1492250
4	0	1069	0	0	0	1492265
4	0	1069	0	0	0	1492293
0	0	1072	0	0	0	1492308
4	0	1066	0	0	0	1492322
4	0	1062	0	0	0	1492336
0	0	1065	0	0	0	1492352
0	-4	1065	0	0	0	1492367
0	-4	1065	0	0	0	1492395
0	0	1069	0	0	0	1492409
0	0	1069	0	0	0	1492423
4	0	1065	0	0	0	1492438
4	4	1069	0	0	0	1492453
4	0	1072	0	0	0	1492468
0	0	1069	0	0	0	1492482
4	0	1072	0	0	0	1492512
0	0	1069	0	0	0	1492526
4	-4	1073	0	0	0	1492540
4	0	1069	0	0	0	1492557
4	0	1065	0	0	0	1492572
4	0	1069	0	0	0	1492586
0	-4	1069	0	0	0	1492615
4	-4	1062	0	0	0	1492629
4	0	1068	0	0	0	1492643
0	0	1069	0	0	0	1492658
4	0	1069	0	0	0	1492673
4	-4	1069	0	0	0	1492687
0	0	1069	0	0	0	1492716
4	0	1072	0	0	0	1492731
4	0	1066	0	0	0	1492745
0	0	1072	0	0	0	1492761
4	0	1066	0	0	0	1492777
4	0	1065	0	0	0	1492791
-3	-3	1061	0	0	0	1492819
0	0	1068	0	0	0	1492833
0	0	1065	0	0	0	1492847
0	0	1072	0	0	0	1492862
0	0	1069	0	0	0	1492877
0	-4	1069	0	0	0	1492891
0	3	1066	0	0	0	1492920
4	0	1065	0	0	0	1492934
0	0	1069	0	0	0	1492948
4	0	1069	0	0	0	1492962
0	0	1062	0	0	0	1492977
0	0	1065	0	0	0	1492991
0	0	1069	0	0	0	1493006
4	0	1068	0	0	0	1493035
0	0	1065	0	0	0	1493049
0	-4	1065	0	0	0	1493063
4	0	1069	0	0	0	1493079
0	0	1072	0	0	0	1493093
4	0	1066	0	0	0	1493107
0	-4	1069	0	0	0	1493135
4	3	1069	0	0	0	1493149
4	0	1069	0	0	0	1493164
0	-4	1069	0	0	0	1493179
0	0	1072	0	0	0	1493193
4	0	1069	0	0	0	1493207
-622	1744	1755	14	43	0	1493239
-465	528	2471	10	11	0	1493253
130	-464	2260	-3	-11	0	1493267
423	102	1216	-19	4	0	1493281
240	-191	875	-15	-11	0	1493296
-298	-242	1449	11	-9	0	1493310
59	79	971	-3	4	0	1493338
27	-24	865	-1	-1	0	1493352
-57	-307	762	4	-21	0	1493366
-84	-253	511	8	-26	0	1493383
-47	-414	550	3	-36	0	1493397
-102	-656	669	6	-44	0	1493425
-63	-607	651	4	-42	0	1493439
-35	-616	589	2	-46	0	1493453
21	-712	635	-1	-48	0	1493467
20	-761	654	-1	-49	0	1493484
6	-745	628	0	-49	0	1493499
18	-791	632	-1	-51	0	1493527
34	-815	629	-1	-52	0	1493542
35	-814	625	-1	-52	0	1493556
35	-831	621	-1	-53	0	1493570
28	-847	621	-1	-53	0	1493584
10	-863	614	0	-54	0	1493598
8	-882	595	0	-56	0	1493626
1	-891	590	0	-56	0	1493640
0	-892	582	0	-56	0	1493655
-4	-906	575	0	-57	0	1493669
-15	-911	567	0	-58	0	1493684
-35	-915	543	1	-59	0	1493713
-49	-930	525	2	-60	2	1493727
-44	-938	512	2	-61	2	1493741
98	-1353	394	-3	-73	2	1493756
240	-1402	351	-9	-73	2	1493771
155	-855	300	-9	-68	2	1493786
-64	-781	265	4	-70	2	1493814
40	-754	228	-2	-72	2	1493828
135	-500	-143	-14	-68	2	1493842
1294	-1468	-838	-37	-43	2	1493856
182	-2867	-774	-3	-74	2	1493871
-5	-297	94	0	-72	2	1493901
95	-295	169	-15	-56	2	1493915
-281	-323	-415	28	-32	2	1493929
-534	-619	-639	30	-36	2	1493944
-319	-409	-609	23	-30	2	1493958
-627	858	-1454	20	28	2	1493989
-798	1677	-1472	19	45	2	1494004
-692	879	-1127	25	33	2	1494018
-642	311	-1149	28	13	2	1494032
-577	-110	-787	35	-6	2	1494047
-459	-376	-807	27	-22	2	1494075
-400	-388	-749	25	-24	2	1494090
-284	-431	-804	17	-26	2	1494105
-241	-453	-862	13	-26	2	1494119
-148	-456	-829	8	-28	2	1494134
-96	-428	-787	6	-28	2	1494150
-113	-476	-805	6	-30	2	1494179
-121	-483	-791	7	-31	2	1494195
-157	-490	-779	9	-31	2	1494209
-185	-502	-764	11	-32	2	1494223
-263	-521	-745	16	-33	2	1494238
-297	-528	-730	18	-33	2	1494266
-274	-523	-742	16	-33	2	1494280
-240	-509	-750	14	-32	2	1494296
-215	-504	-754	13	-32	2	1494311
-188	-496	-758	11	-32	2	1494325
-155	-502	-751	9	-33	2	1494354
-146	-510	-744	9	-33	2	1494368
-146	-528	-715	9	-35	2	1494382
-145	-552	-698	9	-37	2	1494397
-145	-596	-682	9	-40	2	1494412
-135	-628	-657	8	-43	2	1494440
-159	-760	-614	9	-50	2	1494455
-210	-1045	-511	10	-62	2	1494470
-180	-1067	-405	8	-67	2	1494484
-89	-994	-338	4	-70	2	1494499
123	-1162	-270	-5	-75	2	1494528
72	-1110	-179	-3	-80	2	1494542
60	-1087	-96	-3	-84	2	1494557
105	-1071	-94	-5	-82	2	1494571
156	-1016	-151	-8	-77	2	1494585
167	-1073	-313	-8	-71	2	1494616
169	-1066	-346	-8	-70	2	1494631
137	-871	-459	-7	-61	2	1494645
116	-855	-431	-6	-62	2	1494659
12	-931	-418	0	-65	2	1494674
-66	-977	-420	3	-66	2	1494689
-205	-823	-556	11	-54	2	1494717
-77	-995	128	4	-81	0	1495732
24	-1026	91	-1	-84	0	1495748
34	-1022	69	-1	-85	0	1495762
-57	-1018	71	3	-84	0	1495777
40	-1017	61	-2	-85	0	1495805
57	-1007	56	-3	-85	0	1495819
-33	-1003	76	1	-85	2	1495834
-78	-999	114	4	-82	2	1495848
-54	-984	167	3	-79	2	1495862
-20	-979	215	1	-77	2	1495877
27	-948	273	-1	-73	2	1495906
-1	-922	331	0	-70	2	1495920
0	-909	369	0	-67	2	1495937
28	-869	437	-1	-63	2	1495952
38	-858	447	-2	-62	2	1495966
-22	-798	504	1	-57	2	1495995
-55	-780	556	3	-54	2	1496009
-34	-768	583	2	-52	2	1496023
-67	-742	656	3	-48	2	1496039
-85	-714	685	4	-46	2	1496054
-69	-683	716	3	-43	2	1496068
96	-529	719	-6	-36	2	1496097
-8	-700	758	0	-42	2	1496111
-43	-576	865	2	-33	2	1496125
-86	-514	893	4	-29	2	1496142
-37	-416	920	2	-24	2	1496157
-8	-321	1026	0	-17	2	1496185
109	-315	969	-6	-17	2	1496200
181	-293	889	-10	-17	2	1496214
177	-291	917	-10	-17	2	1496228
18	-386	1227	0	-17	2	1496244
5	-95	1166	0	-4	2	1496259
-28	1	1168	1	0	2	1496288
-52	-39	1234	2	-1	2	1496302
-87	-4	1241	3	0	2	1496317
-79	10	1231	3	0	2	1496331
3	104	1181	0	5	2	1496347
57	88	1289	-2	3	2	1496362
58	30	1325	-2	1	2	1496390
-72	-50	1416	2	-2	2	1496404
46	-242	1327	-1	-10	2	1496418
-38	47	1049	2	2	2	1496432
-117	-73	862	7	-4	2	1496449
-252	-46	900	15	-2	2	1496464
36	122	1157	-1	5	2	1496492
166	-20	1294	-7	0	2	1496506
38	111	1056	-2	6	2	1496522
18	68	1050	0	3	2	1496536
-12	-57	1067	0	-3	2	1496550
50	24	1088	-2	1	2	1496593
30	-15	1089	-1	0	2	1496607
3	-30	1060	0	-1	2	1496622
4	4	1072	0	0	2	1496636
-3	4	1080	0	0	2	1496651
-7	-3	1077	0	0	2	1496667
-12	0	1069	0	0	2	1496695
-5	-4	1073	0	0	2	1496710
3	0	1069	0	0	2	1496725
4	0	1073	0	0	2	1496739
0	0	1073	0	0	2	1496755
-3	0	1066	0	0	2	1496769
