44	226	970	-2	13	0	18
47	242	992	-2	13	0	33
61	254	1022	-3	13	0	47
59	245	1050	-3	13	0	61
80	159	1078	-4	8	0	75
118	221	1112	-5	11	0	89
103	275	1130	-5	13	0	117
109	240	1125	-5	11	0	131
124	286	1163	-5	13	0	145
150	266	1163	-7	12	0	159
157	207	1075	-8	10	0	173
147	233	1062	-7	12	0	187
131	292	1051	-6	15	0	201
88	85	991	-5	4	0	16
62	62	1033	-3	3	0	32
56	63	1044	-3	3	0	46
48	66	1070	-2	3	0	60
51	70	1069	-2	3	0	74
69	64	1058	-3	3	0	87
81	63	1050	-4	3	0	101
54	45	1056	-2	2	0	129
51	50	1061	-2	2	0	144
51	55	1061	-2	2	0	158
62	59	1054	-3	3	0	172
84	55	1071	-4	2	0	186
93	62	1087	-4	3	0	200
101	70	1071	-5	3	0	214
37	48	1018	-2	2	0	245
32	58	1039	-1	3	0	259
81	77	1073	-4	4	0	273
93	68	1076	-4	3	0	287
137	85	1080	-7	4	0	301
137	58	1081	-7	3	0	315
46	41	1003	-2	2	0	330
23	88	1096	-1	4	0	359
45	111	1107	-2	5	0	373
54	110	1115	-2	5	0	387
44	71	1105	-2	3	0	401
15	57	1080	0	3	0	415
-2	37	1038	0	2	0	429
3	36	1023	0	1	0	444
42	65	1058	-2	3	0	473
54	77	1086	-2	4	0	487
58	75	1078	-3	3	0	501
48	50	1059	-2	2	0	515
44	44	1054	-2	2	0	529
47	47	1060	-2	2	0	544
51	54	1068	-2	2	0	559
62	85	1062	-3	4	0	587
52	79	1054	-2	4	0	603
41	65	1060	-2	3	0	617
43	52	1068	-2	2	0	631
43	48	1069	-2	2	0	646
57	54	1058	-3	2	0	660
62	62	1057	-3	3	0	674
67	67	1064	-3	3	0	702
60	60	1061	-3	3	0	716
31	52	1068	-1	2	0	731
14	44	1065	0	2	0	745
26	54	1054	-1	2	0	760
42	62	1060	-2	3	0	774
57	63	1061	-3	3	0	788
52	66	1065	-2	3	0	816
41	63	1065	-2	3	0	830
32	63	1061	-1	3	0	844
32	70	1065	-1	3	0	859
35	85	1086	-1	4	0	873
53	104	1060	-2	5	0	887
58	95	1047	-3	5	0	901
43	44	1068	-2	2	0	929
54	54	1069	-2	2	0	943
69	73	1058	-3	3	0	960
63	71	1047	-3	3	0	975
56	57	1049	-3	3	0	988
48	62	1049	-2	3	0	1003
54	77	1063	-2	4	0	1018
79	74	1072	-4	3	0	1046
68	60	1059	-3	3	0	1060
60	63	1057	-3	3	0	1074
56	56	1057	-3	3	0	1088
48	62	1064	-2	3	0	1102
47	70	1061	-2	3	0	1116
51	70	1061	-2	3	0	1144
51	64	1061	-2	3	0	1159
58	59	1065	-3	3	0	1173
59	63	1061	-3	3	0	1187
62	63	1061	-3	3	0	1201
59	63	1061	-3	3	0	1215
63	66	1061	-3	3	0	1230
52	63	1058	-2	3	0	1258
55	63	1054	-2	3	0	1273
55	70	1060	-2	3	0	1287
55	67	1054	-2	3	0	1301
51	70	1057	-2	3	0	1315
55	64	1061	-2	3	0	1329
59	63	1068	-3	3	0	1343
67	63	1058	-3	3	0	1372
67	66	1054	-3	3	0	1386
63	67	1057	-3	3	0	1400
59	63	1068	-3	3	0	1414
55	66	1069	-2	3	0	1429
55	70	1062	-2	3	0	1443
51	67	1058	-2	3	0	1457
59	67	1068	-3	3	0	1485
62	63	1058	-3	3	0	1499
66	63	1054	-3	3	0	1513
67	63	1057	-3	3	0	1527
63	66	1061	-3	3	0	1541
59	67	1072	-3	3	0	1555
41	63	1058	-2	3	0	1599
29	66	1050	-1	3	0	1613
38	67	1056	-2	3	0	1627
57	70	1064	-3	3	0	1641
62	67	1065	-3	3	0	1655
63	63	1058	-3	3	0	1671
60	59	1057	-3	3	0	1700
63	59	1057	-3	3	0	1715
59	66	1061	-3	3	0	1730
52	67	1065	-2	3	0	1744
48	70	1061	-2	3	0	1758
47	71	1058	-2	3	0	1773
54	67	1057	-2	3	0	1787
62	63	1065	-3	3	0	1814
63	63	1065	-3	3	0	1828
59	63	1061	-3	3	0	1842
59	63	1058	-3	3	0	1856
55	63	1061	-2	3	0	1870
48	63	1061	-2	3	0	1885
51	63	1065	-2	3	0	1899
58	63	1054	-3	3	0	1930
59	63	1057	-3	3	0	1944
62	63	1054	-3	3	0	1958
56	66	1060	-3	3	0	1972
55	67	1065	-2	3	0	1986
59	67	1072	-3	3	0	2000
41	70	1069	-2	3	0	2042
36	81	1094	-1	4	0	2055
35	72	1093	-1	3	0	2069
28	81	1078	-1	4	0	2087
17	75	1077	0	4	0	2101
19	64	1052	-1	3	0	2115
47	55	1085	-2	2	0	2143
40	41	1092	-2	2	0	2157
46	22	1114	-2	1	0	2170
72	20	1123	-3	1	0	2185
99	52	1000	-5	2	0	2200
116	9	921	-7	0	0	2214
96	-24	1005	-5	-1	0	2228
96	25	1084	-5	1	0	2257
95	24	1092	-4	1	0	2271
87	17	1085	-4	0	0	2287
76	5	1081	-4	0	0	2301
68	8	1077	-3	0	0	2315
74	4	1077	-3	0	0	2330
71	8	1066	-3	0	0	2344
101	22	1084	-5	1	0	2372
109	38	1049	-5	2	0	2386
85	29	1042	-4	1	0	2401
90	10	1045	-4	0	0	2415
94	5	1049	-5	0	0	2429
112	4	1049	-6	0	0	2444
107	7	1060	-5	0	0	2458
132	4	1053	-7	0	0	2486
148	7	1050	-8	0	0	2501
146	4	1042	-7	0	0	2515
138	-3	1038	-7	0	0	2529
152	-11	1055	-8	0	0	2546
157	-12	1046	-8	0	0	2560
129	-9	1060	-6	0	0	2588
133	3	1068	-7	0	0	2602
134	11	1062	-7	0	0	2616
123	8	1043	-6	0	0	2631
125	4	1038	-6	0	0	2645
126	0	1059	-6	0	0	2660
129	0	1057	-6	0	0	2674
119	0	1058	-6	0	0	2703
122	11	1054	-6	0	0	2717
129	19	1046	-7	1	0	2731
123	9	1045	-6	0	0	2745
115	1	1052	-6	0	0	2759
103	0	1050	-5	0	0	2773
120	7	1068	-6	0	0	2804
125	15	1072	-6	0	0	2819
126	23	1069	-6	1	0	2833
126	27	1062	-6	1	0	2847
119	17	1051	-6	0	0	2861
104	12	1057	-5	0	0	2875
85	8	1064	-4	0	0	2889
68	29	1069	-3	1	0	2917
99	28	1094	-5	1	0	2931
112	28	1082	-5	1	0	2945
107	31	1060	-5	1	0	2959
103	17	1068	-5	0	0	2973
77	16	1065	-4	0	0	2987
61	9	1065	-3	0	0	3003
52	15	1061	-2	0	0	3032
48	23	1072	-2	1	0	3046
51	23	1069	-2	1	0	3060
58	27	1069	-3	1	0	3074
62	20	1069	-3	1	0	3088
63	16	1069	-3	0	0	3103
59	12	1069	-3	0	0	3117
70	30	1074	-3	1	0	3145
74	35	1073	-3	1	0	3159
75	21	1066	-4	1	0	3173
64	9	1065	-3	0	0	3187
59	12	1069	-3	0	0	3201
66	19	1069	-3	1	0	3216
75	20	1065	-4	1	0	3244
71	13	1072	-3	0	0	3261
67	22	1066	-3	1	0	3275
81	31	1065	-4	1	0	3289
79	38	1065	-4	2	0	3303
72	22	1069	-3	1	0	3317
60	16	1072	-3	0	0	3331
70	16	1069	-3	0	0	3359
67	23	1058	-3	1	0	3373
67	24	1047	-3	1	0	3387
63	16	1046	-3	0	0	3401
70	19	1049	-3	1	0	3418
74	9	1063	-3	0	0	3432
75	4	1075	-3	0	0	3446
93	4	1066	-5	0	0	3475
101	7	1058	-5	0	0	3489
106	11	1054	-5	0	0	3503
85	8	1060	-4	0	0	3519
72	8	1068	-3	0	0	3534
64	4	1051	-3	0	0	3548
59	8	1046	-3	0	0	3562
100	20	1076	-5	1	0	3593
95	-2	1066	-5	0	0	3607
91	0	1062	-4	0	0	3621
73	4	1058	-3	0	0	3635
57	4	1064	-3	0	0	3649
62	7	1065	-3	0	0	3663
77	18	1058	-4	1	0	3677
85	9	1057	-4	0	0	3705
86	8	1061	-4	0	0	3720
79	15	1072	-4	0	0	3735
75	16	1066	-4	0	0	3749
75	9	1076	-3	0	0	3763
82	19	1063	-4	1	0	3777
86	9	1049	-4	0	0	3805
86	4	1063	-4	0	0	3821
86	15	1075	-4	0	0	3836
86	16	1066	-4	0	0	3850
83	16	1069	-4	0	0	3864
79	19	1065	-4	1	0	3880
72	16	1062	-3	0	0	3895
67	12	1065	-3	0	0	3924
70	15	1061	-3	0	0	3938
71	12	1065	-3	0	0	3952
78	12	1061	-4	0	0	3966
79	15	1068	-4	0	0	3980
75	16	1069	-4	0	0	3994
71	12	1069	-3	0	0	4008
81	11	1058	-4	0	0	4036
75	12	1057	-4	0	0	4050
78	12	1057	-4	0	0	4064
79	8	1057	-4	0	0	4081
79	8	1061	-4	0	0	4095
75	8	1068	-4	0	0	4110
82	11	1069	-4	0	0	4124
83	15	1062	-4	0	0	4152
79	16	1061	-4	0	0	4166
72	19	1068	-3	1	0	4180
71	13	1062	-3	0	0	4194
71	12	1065	-3	0	0	4207
74	8	1065	-3	0	0	4221
82	8	1069	-4	0	0	4238
89	11	1062	-4	0	0	4266
87	8	1061	-4	0	0	4280
90	19	1061	-4	1	0	4295
94	16	1058	-5	0	0	4309
84	19	1050	-4	1	0	4322
83	13	1064	-4	0	0	4339
85	12	1069	-4	0	0	4382
86	12	1062	-4	0	0	4397
79	15	1065	-4	0	0	4410
72	16	1065	-3	0	0	4426
78	9	1065	-4	0	0	4441
86	11	1065	-4	0	0	4455
83	15	1065	-4	0	0	4486
75	16	1069	-4	0	0	4500
75	19	1065	-4	1	0	4514
71	13	1058	-3	0	0	4528
71	19	1061	-3	1	0	4543
81	23	1072	-4	1	0	4557
82	24	1066	-4	1	0	4571
86	12	1072	-4	0	0	4599
79	8	1080	-4	0	0	4613
82	11	1077	-4	0	0	4627
79	12	1080	-4	0	0	4642
68	12	1084	-3	0	0	4657
70	8	1081	-3	0	0	4671
88	8	1098	-4	0	0	4685
89	11	1086	-4	0	0	4713
80	8	1095	-4	0	0	4727
100	29	1103	-5	1	0	4743
95	38	1087	-4	2	0	4758
112	32	1074	-5	1	0	4772
114	3	1091	-5	0	0	4786
79	-7	1107	-4	0	0	4800
54	-3	1088	-2	0	0	4828
76	0	1099	-3	0	0	4842
89	46	1033	-4	2	0	4857
51	54	1072	-2	2	0	4871
30	23	1098	-1	1	0	4885
45	31	1051	-2	1	0	4899
80	12	1046	-4	0	0	4928
79	12	1045	-4	0	0	4942
57	15	1049	-3	0	0	4956
48	5	1049	-2	0	0	4970
37	8	1063	-1	0	0	4984
35	11	1068	-1	0	0	4998
46	33	1034	-2	1	0	5012
55	17	1033	-3	0	0	5040
55	5	1048	-3	0	0	5057
66	1	1060	-3	0	0	5071
70	-7	1086	-3	0	0	5085
71	-1	1085	-3	0	0	5100
85	3	1060	-4	0	0	5115
65	-3	1065	-3	0	0	5129
73	-4	1073	-3	0	0	5157
89	0	1076	-4	0	0	5172
97	0	1094	-5	0	0	5186
95	0	1100	-4	0	0	5200
77	4	1090	-4	0	0	5214
57	0	1103	-2	0	0	5228
62	4	1104	-3	0	0	5242
55	4	1105	-2	0	0	5272
73	7	1083	-3	0	0	5286
74	4	1081	-3	0	0	5300
82	11	1091	-4	0	0	5314
82	5	1089	-4	0	0	5328
86	4	1082	-4	0	0	5342
72	4	1095	-3	0	0	5358
54	0	1082	-2	0	0	5387
69	-4	1084	-3	0	0	5401
78	0	1071	-4	0	0	5418
82	4	1069	-4	0	0	5432
82	0	1073	-4	0	0	5446
61	-4	1076	-3	0	0	5461
64	-10	1070	-3	0	0	5490
66	-22	1076	-3	-1	0	5504
74	-23	1056	-4	-1	0	5518
82	-20	1053	-4	-1	0	5532
58	-20	1078	-3	-1	0	5546
66	-16	1073	-3	0	0	5561
63	-19	1048	-3	-1	0	5576
44	-6	1060	-2	0	0	5604
47	-4	1068	-2	0	0	5621
51	0	1041	-2	0	0	5635
58	3	1034	-3	0	0	5649
48	0	1044	-2	0	0	5664
47	-4	1045	-2	0	0	5679
48	-26	1048	-2	-1	0	5707
30	-17	1042	-1	0	0	5721
42	-12	1034	-2	0	0	5735
50	-12	1027	-2	0	0	5749
58	-8	1029	-3	0	0	5762
52	-8	1030	-2	0	0	5778
44	-26	1040	-2	-1	0	5792
50	-43	1032	-2	-2	0	5820
51	-40	1030	-2	-2	0	5834
62	-29	1023	-3	-1	0	5848
70	-31	1018	-3	-1	0	5862
49	-31	1050	-2	-1	0	5877
51	-42	1053	-2	-2	0	5891
74	-50	1032	-4	-2	0	5919
64	-44	1041	-3	-2	0	5934
59	-40	1041	-3	-2	0	5948
52	-43	1052	-2	-2	0	5962
44	-40	1053	-2	-2	0	5976
22	-32	1053	-1	-1	0	5990
38	-24	1032	-2	-1	0	6018
53	-20	1030	-2	-1	0	6032
55	-13	1023	-3	0	0	6046
51	-19	1018	-2	-1	0	6060
48	-23	1029	-2	-1	0	6075
40	-20	1033	-2	-1	0	6090
36	-27	1034	-1	-1	0	6104
35	-31	1037	-1	-1	0	6132
46	-21	1030	-2	-1	0	6146
61	-27	1033	-3	-1	0	6160
77	-24	1026	-4	-1	0	6174
64	-27	1029	-3	-1	0	6189
56	-45	1040	-3	-2	0	6203
55	-59	1049	-3	-3	0	6231
41	-66	1060	-2	-3	0	6245
43	-53	1050	-2	-2	0	6259
47	-55	1053	-2	-2	0	6273
54	-55	1053	-2	-2	0	6288
66	-48	1060	-3	-2	0	6302
67	-33	1060	-3	-1	0	6330
63	-28	1068	-3	-1	0	6345
52	-28	1069	-2	-1	0	6359
58	-31	1062	-3	-1	0	6373
55	-31	1068	-2	-1	0	6388
52	-21	1072	-2	-1	0	6402
62	-28	1065	-3	-1	0	6444
77	-38	1062	-4	-2	0	6458
86	-46	1068	-4	-2	0	6472
72	-51	1079	-3	-2	0	6489
53	-51	1084	-2	-2	0	6504
58	-51	1078	-3	-2	0	6518
62	-44	1073	-3	-2	0	6546
63	-43	1073	-3	-2	0	6560
66	-43	1073	-3	-2	0	6574
67	-40	1073	-3	-2	0	6588
70	-43	1066	-3	-2	0	6603
60	-40	1069	-3	-2	0	6617
52	-46	1062	-2	-2	0	6646
55	-51	1058	-2	-2	0	6660
59	-44	1061	-3	-2	0	6674
59	-40	1061	-3	-2	0	6689
59	-32	1054	-3	-1	0	6703
62	-32	1050	-3	-1	0	6717
63	-39	1038	-3	-2	0	6745
74	-46	1041	-4	-2	0	6759
71	-51	1038	-3	-2	0	6773
64	-55	1052	-3	-2	0	6787
59	-51	1067	-3	-2	0	6802
52	-41	1058	-2	-2	0	6816
55	-25	1057	-2	-1	0	6829
62	-12	1053	-3	0	0	6857
63	-12	1057	-3	0	0	6871
59	-15	1057	-3	0	0	6886
45	-26	1061	-2	-1	0	6901
47	-31	1058	-2	-1	0	6916
47	-38	1061	-2	-2	0	6929
55	-32	1047	-2	-1	0	6958
55	-39	1049	-3	-2	0	6972
59	-43	1056	-3	-2	0	6986
66	-50	1057	-3	-2	0	7002
74	-55	1057	-3	-2	0	7016
68	-51	1061	-3	-2	0	7030
78	-51	1061	-4	-2	0	7058
79	-55	1054	-4	-2	0	7072
72	-48	1060	-3	-2	0	7086
74	-51	1061	-4	-2	0	7100
68	-37	1054	-3	-2	0	7115
63	-36	1050	-3	-1	0	7129
70	-28	1049	-3	-1	0	7143
63	-31	1065	-3	-1	0	7172
59	-35	1069	-3	-1	0	7186
48	-39	1065	-2	-2	0	7203
51	-36	1062	-2	-1	0	7217
65	-42	1061	-3	-2	0	7231
74	-50	1058	-3	-2	0	7245
86	-51	1065	-4	-2	0	7272
83	-48	1061	-4	-2	0	7288
72	-44	1058	-3	-2	0	7303
81	-43	1047	-4	-2	0	7318
75	-43	1042	-4	-2	0	7332
75	-47	1056	-4	-2	0	7346
74	-43	1049	-4	-2	0	7374
71	-40	1042	-3	-2	0	7388
64	-32	1052	-3	-1	0	7403
38	-35	1074	-2	-1	0	7420
39	-39	1077	-2	-2	0	7434
36	-29	1084	-1	-1	0	7448
42	-28	1085	-2	-1	0	7462
58	-38	1073	-3	-2	0	7490
52	-43	1080	-2	-2	0	7503
58	-40	1081	-3	-2	0	7518
69	-39	1060	-3	-2	0	7532
74	-39	1057	-4	-2	0	7546
71	-39	1036	-3	-2	0	7560
63	-46	1049	-3	-2	0	7588
63	-58	1039	-3	-3	0	7603
56	-77	1048	-3	-4	0	7618
52	-75	1049	-2	-4	0	7632
55	-71	1053	-2	-3	0	7646
62	-67	1057	-3	-3	0	7660
56	-66	1061	-3	-3	0	7689
62	-63	1058	-3	-3	0	7703
84	-42	1040	-4	-2	0	7717
90	-43	1041	-4	-2	0	7731
80	-54	1063	-4	-2	0	7745
72	-58	1082	-3	-3	0	7759
50	-59	1077	-2	-3	0	7773
32	-48	1073	-1	-2	0	7801
49	-26	1052	-2	-1	0	7816
65	-6	1042	-3	0	0	7831
74	3	1034	-4	0	0	7845
71	11	1023	-3	0	0	7859
57	33	979	-3	1	0	7873
42	19	851	-2	1	0	7901
4	-5	807	0	0	0	7916
-24	-29	714	1	-2	0	7931
-45	-120	570	4	-11	0	7945
-146	-76	404	19	-9	0	7959
42	399	-483	-3	39	0	7973
-31	1	132	13	0	0	7987
10	-56	164	-3	-18	0	8014
22	-20	77	-15	-13	0	8029
2	-48	114	-1	-22	0	8043
117	140	75	-36	45	0	8057
337	216	1132	-16	10	0	8071
260	-810	2561	-5	-17	0	8085
-383	-715	4403	4	-9	0	8113
-399	-436	4158	5	-5	0	8130
-26	63	2556	0	1	0	8144
174	169	1791	-5	5	0	8158
254	148	1010	-13	8	0	8172
319	170	688	-24	12	0	8187
168	44	233	-35	8	0	8215
116	26	225	-27	5	0	8231
118	20	242	-25	4	0	8245
65	-26	403	-9	-3	0	8259
31	-6	528	-3	0	0	8273
17	74	792	-1	5	0	8287
19	99	949	-1	5	0	8301
307	123	1325	-12	5	0	8332
391	97	1462	-14	3	0	8347
485	105	1490	-17	3	0	8361
409	42	1359	-16	1	0	8374
338	11	1250	-15	0	0	8388
296	-17	1126	-14	0	0	8402
243	-36	909	-14	-2	0	8431
229	-14	837	-15	0	0	8446
239	-5	844	-15	0	0	8460
264	0	972	-15	0	0	8474
263	3	1038	-14	0	0	8488
274	11	1112	-13	0	0	8502
249	38	1078	-13	1	0	8532
237	39	1045	-12	2	0	8547
218	22	1021	-12	1	0	8561
209	20	1018	-11	1	0	8575
208	13	1039	-11	0	0	8591
205	8	1048	-11	0	0	8606
222	15	1060	-11	0	0	8620
224	19	1035	-12	1	0	8648
228	20	1041	-12	1	0	8662
239	20	1045	-12	1	0	8676
243	20	1045	-13	1	0	8690
244	13	1038	-13	0	0	8704
237	12	1034	-12	0	0	8718
232	15	1045	-12	0	0	8747
228	19	1042	-12	1	0	8761
224	20	1045	-12	1	0	8775
228	20	1042	-12	1	0	8791
228	16	1041	-12	0	0	8805
231	12	1038	-12	0	0	8819
240	16	1038	-13	0	0	8850
236	16	1041	-12	0	0	8865
232	12	1041	-12	0	0	8879
232	15	1034	-12	0	0	8893
228	19	1041	-12	1	0	8907
228	16	1045	-12	0	0	8921
228	16	1042	-12	0	0	8935
232	16	1045	-12	0	0	8964
235	16	1042	-12	0	0	8978
232	19	1045	-12	1	0	8992
228	16	1042	-12	0	0	9006
235	19	1038	-12	1	0	9020
232	20	1041	-12	1	0	9034
228	19	1042	-12	1	0	9065
228	16	1041	-12	0	0	9079
231	19	1041	-12	1	0	9093
235	20	1045	-12	1	0	9108
232	13	1042	-12	0	0	9122
232	19	1045	-12	1	0	9137
224	16	1041	-12	0	0	9166
228	16	1045	-12	0	0	9180
228	16	1038	-12	0	0	9194
231	19	1041	-12	1	0	9208
235	20	1034	-12	1	0	9222
236	16	1044	-12	0	0	9235
236	16	1042	-12	0	0	9250
232	16	1041	-12	0	0	9279
228	16	1038	-12	0	0	9293
228	19	1034	-12	1	0	9307
228	23	1041	-12	1	0	9321
235	20	1041	-12	1	0	9335
239	20	1041	-12	1	0	9350
259	24	1033	-14	1	0	9379
249	13	1048	-13	0	0	9393
244	8	1056	-13	0	0	9408
247	1	1075	-12	0	0	9422
251	4	1077	-13	0	0	9436
255	7	1066	-13	0	0	9451
213	0	1039	-11	0	0	9479
212	25	1027	-11	1	0	9493
223	27	1044	-12	1	0	9507
227	17	1031	-12	0	0	9521
196	5	1030	-10	0	0	9535
161	-10	1033	-8	0	0	9549
143	-12	1037	-7	0	0	9564
117	7	1038	-6	0	0	9592
93	15	1038	-5	0	0	9606
98	16	1045	-5	0	0	9621
116	19	1052	-6	1	0	9635
89	20	1057	-4	1	0	9649
73	16	1061	-3	0	0	9663
92	12	1072	-4	0	0	9692
91	19	1066	-4	1	0	9706
87	20	1058	-4	1	0	9720
97	16	1071	-5	0	0	9734
141	23	1105	-7	1	0	9748
138	31	1073	-7	1	0	9764
120	7	1062	-6	0	0	9779
103	11	1080	-5	0	0	9807
102	15	1070	-5	0	0	9821
109	23	1062	-5	1	0	9835
75	31	1029	-4	1	0	9849
78	14	1076	-4	0	0	9864
68	16	1077	-3	0	0	9879
56	23	1073	-3	1	0	9893
76	20	1085	-4	1	0	9921
71	23	1053	-3	1	0	9935
74	20	1043	-4	1	0	9949
75	16	1049	-4	0	0	9963
71	16	1053	-3	0	0	9978
74	9	1067	-3	0	0	9992
75	7	1085	-3	0	0	10037
85	8	1067	-4	0	0	10051
83	4	1062	-4	0	0	10066
72	8	1061	-3	0	0	10081
78	11	1061	-4	0	0	10096
79	22	1061	-4	1	0	10110
75	13	1065	-4	0	0	10138
68	12	1054	-3	0	0	10152
67	8	1046	-3	0	0	10166
74	8	1063	-3	0	0	10181
78	8	1065	-4	0	0	10195
96	4	1086	-5	0	0	10209
116	15	1078	-6	0	0	10225
95	31	1080	-5	1	0	10254
91	24	1088	-4	1	0	10268
87	20	1085	-4	1	0	10282
83	13	1092	-4	0	0	10296
68	19	1085	-3	1	0	10310
67	27	1064	-3	1	0	10324
45	21	1060	-2	1	0	10352
33	13	1093	-1	0	0	10367
95	19	1096	-4	0	0	10383
123	5	1135	-6	0	0	10397
164	18	1061	-8	0	0	10411
137	-5	1061	-7	0	0	10427
106	-29	1072	-5	-1	0	10441
104	-25	1233	-4	-1	0	10470
92	-20	1259	-4	0	0	10484
91	26	1198	-4	1	0	10498
83	38	1181	-4	1	0	10512
93	-7	1151	-4	0	0	10526
69	42	1102	-3	2	0	10540
100	-84	1129	-5	-4	0	10568
52	-122	1202	-2	-5	0	10585
23	-62	1174	-1	-3	0	10599
77	-24	1129	-3	-1	0	10613
82	-38	1124	-4	-1	0	10627
82	-43	1124	-4	-2	0	10641
64	-100	1151	-3	-4	0	10669
123	-63	1102	-6	-3	0	10684
129	-91	1104	-6	-4	0	10699
105	-105	1150	-5	-5	0	10713
88	-92	1155	-4	-4	0	10727
129	-52	1116	-6	-2	0	10742
85	-25	1121	-4	-1	0	10770
40	-13	1131	-2	0	0	10785
15	-8	1111	0	0	0	10799
12	-4	1105	0	0	0	10813
15	3	1090	0	0	0	10827
9	7	1103	0	0	0	10841
46	8	1077	-2	0	0	10869
44	15	1080	-2	0	0	10883
57	-2	1067	-3	0	0	10901
73	-29	1058	-3	-1	0	10916
78	-31	1057	-4	-1	0	10930
96	-28	1032	-5	-1	0	10944
80	-28	1019	-4	-1	0	10957
60	-35	1007	-3	-1	0	10985
45	-25	1006	-2	-1	0	11000
47	-17	1003	-2	0	0	11016
58	-5	981	-3	0	0	11030
52	-1	972	-3	0	0	11044
33	-4	978	-1	0	0	11058
62	-19	976	-3	-1	0	11086
88	-30	968	-5	-1	0	11101
72	-42	974	-4	-2	0	11115
43	-54	1003	-2	-3	0	11131
50	-41	992	-2	-2	0	11147
58	-32	990	-3	-1	0	11161
62	-20	986	-3	-1	0	11189
63	-2	983	-3	0	0	11204
49	-4	990	-2	0	0	11218
37	-11	994	-2	0	0	11232
21	-36	998	-1	-2	0	11246
27	-43	1002	-1	-2	0	11260
58	-63	998	-3	-3	0	11304
45	-66	1009	-2	-3	0	11318
29	-74	1006	-1	-4	0	11332
38	-64	1010	-2	-3	0	11349
43	-63	1014	-2	-3	0	11363
40	-56	1014	-2	-3	0	11377
35	-77	1048	-1	-4	0	11409
57	-71	1042	-3	-3	0	11423
55	-64	1045	-3	-3	0	11437
69	-63	1049	-3	-3	0	11451
88	-49	1035	-4	-2	0	11465
94	-47	1034	-5	-2	0	11479
64	-61	1066	-3	-3	0	11509
59	-59	1051	-3	-3	0	11523
55	-63	1039	-3	-3	0	11537
66	-63	1041	-3	-3	0	11551
84	-45	1038	-4	-2	0	11565
93	-33	1030	-5	-1	0	11579
99	-32	1051	-5	-1	0	11610
81	-21	1053	-4	-1	0	11625
82	-23	1053	-4	-1	0	11639
72	-20	1060	-3	-1	0	11653
64	-13	1065	-3	0	0	11668
56	-12	1069	-2	0	0	11683
69	-19	1083	-3	-1	0	11710
74	-16	1070	-3	0	0	11724
78	-2	1058	-4	0	0	11738
79	0	1061	-4	0	0	11752
89	0	1054	-4	0	0	11767
90	-4	1064	-4	0	0	11781
106	-7	1061	-5	0	0	11810
74	-18	1075	-3	0	0	11825
60	-27	1087	-3	-1	0	11839
52	-24	1081	-2	-1	0	11853
51	-13	1070	-2	0	0	11867
51	-5	1066	-2	0	0	11881
29	-9	1081	-1	0	0	11910
28	-11	1063	-1	0	0	11927
45	-19	1047	-2	-1	0	11941
51	-9	1038	-2	0	0	11955
40	6	1020	-2	0	0	11971
39	18	990	-2	1	0	11985
68	27	881	-4	1	0	11999
27	-48	680	-2	-4	0	12028
-1	-83	592	0	-7	0	12042
28	-136	480	-3	-15	0	12056
-43	-31	197	12	-8	0	12070
102	-10	80	-51	-4	0	12084
31	-40	139	-12	-15	0	12098
-11	-19	93	6	-11	0	12127
24	5	69	-18	3	0	12141
-5	-14	74	3	-10	0	12155
10	-12	92	-6	-7	0	12171
-3	-44	108	1	-21	0	12185
-7	-11	110	3	-5	0	12199
-264	-805	5236	2	-8	0	12242
-228	-844	5631	2	-8	0	12256
-140	25	3591	2	0	0	12270
25	130	2474	0	3	0	12284
73	80	1680	-2	2	0	12298
124	121	776	-8	8	0	12313
-128	-160	159	29	-38	0	12342
-45	-20	44	42	-17	0	12356
38	5	114	-18	2	0	12370
21	-28	118	-10	-13	0	12385
-1	-17	118	0	-8	0	12399
39	9	125	-17	3	0	12413
173	88	680	-14	7	3	12442
120	-16	1161	-5	0	3	12456
54	51	1358	-2	2	3	12471
87	154	1717	-2	5	3	12485
186	160	1841	-5	4	3	12499
284	126	1829	-8	3	3	12513
221	40	1270	-9	1	3	12545
160	36	1096	-8	1	3	12559
119	4	916	-7	0	3	12573
90	-7	831	-6	0	3	12587
83	6	766	-6	0	3	12602
79	1	773	-5	0	3	12616
86	-21	909	-5	-1	3	12633
121	-13	1132	-6	0	3	12662
122	-1	1164	-5	0	3	12676
115	21	1156	-5	1	3	12692
103	55	1085	-5	2	3	12706
99	55	1046	-5	3	3	12720
98	44	1028	-5	2	3	12734
90	13	1059	-4	0	3	12762
90	1	1079	-4	0	3	12777
101	4	1070	-5	0	3	12791
106	11	1055	-5	0	3	12805
113	15	1050	-6	0	3	12819
121	23	1064	-6	1	3	12834
111	13	1061	-5	0	3	12865
107	12	1058	-5	0	3	12879
99	8	1057	-5	0	3	12894
98	15	1064	-5	0	3	12909
102	23	1058	-5	1	3	12923
109	20	1057	-5	1	3	12940
110	20	1057	-5	1	3	12954
110	12	1061	-5	0	3	12983
114	15	1058	-6	0	3	12997
110	19	1057	-5	1	3	13011
107	16	1061	-5	0	3	13025
106	19	1065	-5	1	3	13042
103	16	1058	-5	0	3	13057
106	15	1061	-5	0	3	13085
106	19	1065	-5	1	3	13100
110	16	1058	-5	0	3	13114
106	12	1057	-5	0	3	13128
103	12	1057	-5	0	3	13145
99	15	1061	-5	0	3	13160
106	19	1061	-5	1	3	13188
103	13	1065	-5	0	3	13203
106	12	1061	-5	0	3	13218
106	12	1058	-5	0	3	13232
106	19	1057	-5	1	3	13246
106	16	1064	-5	0	3	13260
106	16	1058	-5	0	3	13274
102	12	1065	-5	0	3	13303
106	15	1061	-5	0	3	13317
106	16	1061	-5	0	3	13331
106	16	1065	-5	0	3	13346
110	16	1061	-5	0	3	13361
106	16	1065	-5	0	3	13375
106	15	1061	-5	0	3	13403
103	19	1061	-5	1	3	13418
106	16	1058	-5	0	0	14432
110	16	1057	-5	0	0	14448
106	16	1061	-5	0	0	14463
106	12	1061	-5	0	0	14477
106	12	1061	-5	0	0	14506
106	12	1058	-5	0	0	14520
103	12	1061	-5	0	0	14534
106	15	1061	-5	0	0	14548
103	16	1061	-5	0	0	14562
106	16	1061	-5	0	0	14579
106	12	1061	-5	0	0	14593
110	16	1068	-5	0	0	14621
106	16	1062	-5	0	0	14635
106	16	1065	-5	0	0	14649
106	16	1061	-5	0	0	14663
110	16	1061	-5	0	0	14678
106	16	1061	-5	0	0	14692
106	16	1061	-5	0	0	14720
106	19	1068	-5	1	0	14737
106	13	1058	-5	0	0	14751
106	15	1061	-5	0	0	14765
110	12	1058	-5	0	0	14779
110	15	1061	-5	0	0	14793
103	9	1061	-5	0	0	14821
106	15	1058	-5	0	0	14837
106	16	1061	-5	0	0	14851
106	16	1058	-5	0	0	14865
106	16	1061	-5	0	0	14880
103	12	1065	-5	0	0	14895
106	15	1065	-5	0	0	14909
106	15	1058	-5	0	0	14937
106	16	1057	-5	0	0	14951
103	16	1057	-5	0	0	14965
99	16	1057	-5	0	0	14979
102	16	1064	-5	0	0	14993
106	16	1061	-5	0	0	15007
106	16	1065	-5	0	0	15035
106	16	1058	-5	0	0	15049
110	12	1061	-5	0	0	15063
106	12	1058	-5	0	0	15078
103	15	1054	-5	0	0	15094
106	16	1060	-5	0	0	15108
103	11	1061	-5	0	0	15136
106	15	1061	-5	0	0	15150
103	16	1061	-5	0	0	15164
106	16	1061	-5	0	0	15178
103	16	1054	-5	0	0	15195
106	23	1057	-5	1	0	15209
106	16	1054	-5	0	0	15223
106	20	1069	-5	1	0	15252
110	13	1062	-5	0	0	15266
103	12	1054	-5	0	0	15280
109	8	1060	-5	0	0	15294
110	15	1065	-5	0	0	15308
106	19	1058	-5	1	0	15322
114	15	1057	-6	0	0	15350
110	12	1057	-5	0	0	15364
110	15	1054	-5	0	0	15377
107	19	1050	-5	1	0	15393
113	16	1067	-6	0	0	15408
121	12	1079	-6	0	0	15422
81	16	1070	-4	0	0	15450
68	12	1059	-3	0	0	15464
78	22	1057	-4	1	0	15478
78	27	1054	-4	1	0	15492
82	31	1064	-4	1	0	15507
86	17	1072	-4	0	0	15521
93	16	1069	-5	0	0	15535
90	4	1035	-4	0	0	15563
105	8	1058	-5	0	0	15577
106	15	1071	-5	0	0	15591
103	12	1083	-5	0	0	15606
102	15	1088	-5	0	0	15620
109	26	1089	-5	1	0	15634
112	59	1074	-5	3	0	15662
100	31	1073	-5	1	0	15676
102	14	1091	-5	0	0	15690
99	19	1124	-5	0	0	15707
102	13	1089	-5	0	0	15721
95	5	1074	-5	0	0	15735
98	0	1070	-5	0	0	15749
98	4	1058	-5	0	0	15779
98	4	1068	-5	0	0	15793
95	4	1097	-4	0	0	15808
101	7	1121	-5	0	0	15823
56	40	1085	-2	2	0	15837
98	15	1071	-5	0	0	15851
83	7	1109	-4	0	0	15879
139	57	967	-8	3	0	15893
67	-44	1087	-3	-2	0	15907
70	-22	1099	-3	-1	0	15922
85	-16	1121	-4	0	0	15936
86	13	1106	-4	0	0	15950
62	-6	1108	-3	0	0	15964
50	-11	1082	-2	0	0	15992
30	-40	1099	-1	-2	0	16008
35	-43	1079	-1	-2	0	16023
53	-54	1074	-2	-2	0	16037
55	-34	1101	-2	-1	0	16051
-19	-155	1122	0	-7	0	16066
47	-68	1054	-2	-3	0	16094
82	-53	1060	-4	-2	0	16109
75	-55	1068	-4	-2	0	16123
75	-66	1097	-3	-3	0	16137
68	-56	1107	-3	-2	0	16151
92	-41	1105	-4	-2	0	16165
103	-10	1081	-5	0	0	16193
88	-12	1095	-4	0	0	16207
80	-22	1086	-4	-1	0	16222
86	-41	1060	-4	-2	0	16236
86	-47	1057	-4	-2	0	16250
72	-33	1068	-3	-1	0	16267
77	-28	1059	-4	-1	0	16295
61	-24	1043	-3	-1	0	16309
27	-34	1038	-1	-1	0	16323
13	-32	1034	0	-1	0	16337
-2	-21	1027	0	-1	0	16351
10	-20	1012	0	-1	0	16365
17	-38	1023	0	-2	0	16393
55	-43	1004	-3	-2	0	16409
62	-43	995	-3	-2	0	16424
63	-50	1005	-3	-2	0	16438
59	-55	1006	-3	-3	0	16452
77	-62	1020	-4	-3	0	16466
56	-67	1049	-3	-3	0	16494
48	-56	1049	-2	-3	0	16508
68	-41	1032	-3	-2	0	16525
78	-29	1026	-4	-1	0	16540
75	-24	1022	-4	-1	0	16554
68	-24	1022	-3	-1	0	16568
45	-32	1044	-2	-1	0	16596
43	-31	1056	-2	-1	0	16610
54	-24	1039	-2	-1	0	16625
66	-17	1024	-3	0	0	16639
67	-19	1029	-3	-1	0	16653
74	-20	1026	-4	-1	0	16667
57	-58	1077	-3	-3	0	16696
48	-62	1077	-2	-3	0	16710
58	-66	1059	-3	-3	0	16725
77	-53	1036	-4	-2	0	16740
78	-48	1037	-4	-2	0	16754
93	-37	1038	-5	-2	0	16768
98	-35	1030	-5	-1	0	16782
95	-42	1029	-5	-2	0	16810
66	-61	1051	-3	-3	0	16825
67	-59	1053	-3	-3	0	16840
81	-48	1046	-4	-2	0	16854
82	-54	1049	-4	-2	0	16869
58	-48	1056	-3	-2	0	16884
73	-37	1043	-4	-2	0	16912
103	-21	1013	-5	-1	0	16926
99	-41	1049	-5	-2	0	16941
84	-39	1053	-4	-2	0	16955
79	-39	1060	-4	-2	0	16969
86	-39	1054	-4	-2	0	16984
90	-47	1056	-4	-2	0	17012
76	-58	1071	-4	-3	0	17026
82	-45	1062	-4	-2	0	17040
100	-26	1044	-5	-1	0	17054
98	-13	1024	-5	0	0	17068
95	-8	1029	-5	0	0	17082
78	0	989	-4	0	0	17111
125	-35	873	-8	-2	0	17126
104	-42	841	-7	-2	0	17141
-4	-1	692	0	0	0	17155
-96	28	568	9	2	0	17169
-66	-103	283	12	-19	0	17183
65	-40	80	-36	-21	0	17212
42	-50	82	-23	-28	0	17226
1	9	44	0	11	0	17240
4	1	82	-2	0	0	17254
-7	-14	68	5	-11	0	17268
-96	1138	456	4	67	0	17282
436	326	2253	-10	8	0	17296
-54	-225	3952	0	-3	0	17324
-5	314	3586	0	5	0	17339
123	382	2877	-2	7	0	17354
-12	49	1724	0	1	0	17368
55	-9	1241	-2	0	0	17382
112	42	739	-8	3	0	17397
63	-7	383	-9	-1	0	17425
63	6	261	-13	1	0	17440
45	-3	256	-10	0	0	17454
-13	10	319	2	1	0	17468
-15	8	442	2	1	0	17482
-9	-24	713	0	-1	0	17496
70	2	1338	-2	0	0	17538
141	14	1464	-5	0	0	17553
191	44	1512	-7	1	0	17567
182	82	1424	-7	3	0	17581
142	79	1288	-6	3	0	17598
103	61	1073	-5	3	0	17613
65	32	924	-4	1	0	17641
60	21	906	-3	1	0	17655
63	6	982	-3	0	0	17669
63	1	1039	-3	0	0	17683
63	0	1098	-3	0	0	17697
66	14	1128	-3	0	0	17711
63	26	1107	-3	1	0	17725
62	31	1042	-3	1	0	17755
66	39	1059	-3	2	0	17769
74	32	1082	-3	1	0	17783
75	14	1074	-3	0	0	17797
75	12	1062	-4	0	0	17811
75	19	1051	-4	1	0	17825
75	31	1068	-4	1	0	17856
71	31	1065	-3	1	0	17870
67	28	1062	-3	1	0	17884
67	24	1061	-3	1	0	17898
63	20	1068	-3	1	0	17913
66	20	1069	-3	1	0	17927
74	27	1058	-3	1	0	17942
75	28	1069	-4	1	0	17972
71	20	1062	-3	1	0	17986
67	20	1065	-3	1	0	18000
67	23	1058	-3	1	0	18014
70	27	1061	-3	1	0	18027
71	27	1068	-3	1	0	18041
71	24	1065	-3	1	0	18071
74	24	1065	-3	1	0	18085
78	24	1061	-4	1	0	18099
68	24	1061	-3	1	0	18114
67	27	1065	-3	1	0	18128
67	27	1069	-3	1	0	18142
70	24	1062	-3	1	0	18157
74	27	1061	-3	1	0	18185
75	24	1065	-4	1	0	18199
75	24	1061	-4	1	0	18213
71	20	1061	-3	1	0	18227
71	23	1061	-3	1	0	18241
71	24	1068	-3	1	0	18255
71	27	1069	-3	1	0	18284
67	24	1065	-3	1	0	18298
74	27	1062	-3	1	0	18311
75	24	1061	-4	1	0	18325
75	31	1054	-4	1	0	18339
75	28	1050	-4	1	0	18355
71	24	1071	-3	1	0	18370
82	14	1045	-4	0	0	18398
86	16	1013	-4	0	0	18412
93	16	1014	-5	0	0	18427
80	16	1021	-4	0	0	18441
114	33	1075	-6	1	0	18455
118	28	1116	-6	1	0	18469
58	25	1120	-2	1	0	18496
31	27	1095	-1	1	0	18510
-8	35	1093	0	1	0	18524
-22	28	1107	1	1	0	18538
-27	38	1097	1	1	0	18553
-17	39	1079	0	2	0	18568
-12	46	1070	0	2	0	18583
28	14	1145	-1	0	0	18611
42	19	1151	-2	0	0	18625
86	37	1123	-4	1	0	18639
93	18	1127	-4	0	0	18653
80	2	1177	-3	0	0	18668
68	-3	1207	-3	0	0	18683
116	12	1099	-6	0	0	18711
36	-9	1132	-1	0	0	18725
25	13	1135	-1	0	0	18740
17	30	1065	0	1	0	18754
-12	17	1051	0	0	0	18769
-26	-30	1113	1	-1	0	18783
-52	-14	1134	2	0	0	18797
19	-68	1095	0	-3	0	18825
30	-49	1107	-1	-2	0	18839
21	-19	1073	-1	-1	0	18853
16	-23	1087	0	-1	0	18868
51	-16	1074	-2	0	0	18883
65	-12	1066	-3	0	0	18897
14	-16	1102	0	0	0	18925
26	-19	1069	-1	-1	0	18940
49	-20	1051	-2	-1	0	18954
65	-5	1039	-3	0	0	18968
60	-1	1041	-3	0	0	18982
45	0	1073	-2	0	0	18996
27	6	1073	-1	0	0	19024
27	8	1052	-1	0	0	19038
28	8	1050	-1	0	0	19053
28	4	1042	-1	0	0	19067
17	0	1063	0	0	0	19083
-12	-7	1079	0	0	0	19098
-12	-1	1059	0	0	0	19112
10	0	1019	0	0	0	19141
33	-4	1029	-1	0	0	19155
53	0	1026	-2	0	0	19169
58	-7	1033	-3	0	0	19183
48	-18	1044	-2	-1	0	19198
83	-9	1020	-4	0	0	19212
60	-15	1025	-3	0	0	19243
56	-33	1029	-3	-1	0	19258
55	-39	1026	-3	-2	0	19272
62	-43	1033	-3	-2	0	19285
70	-29	1034	-3	-1	0	19299
67	-31	1030	-3	-1	0	19313
71	-39	1029	-3	-2	0	19341
67	-32	1033	-3	-1	0	19355
70	-32	1034	-3	-1	0	19369
46	-31	1044	-2	-1	0	19384
40	-24	1042	-2	-1	0	19399
64	-10	1027	-3	0	0	19413
63	-16	1019	-3	0	0	19444
73	-19	1025	-4	-1	0	19459
67	-34	1026	-3	-1	0	19473
63	-46	1040	-3	-2	0	19488
63	-58	1052	-3	-3	0	19503
56	-62	1053	-3	-3	0	19517
66	-40	1031	-3	-2	0	19545
74	-18	1016	-4	-1	0	19560
82	-16	1018	-4	0	0	19574
72	-26	1028	-3	-1	0	19589
71	-31	1037	-3	-1	0	19603
74	-31	1027	-4	-1	0	19617
75	-35	1036	-4	-1	0	19645
68	-35	1041	-3	-1	0	19659
60	-28	1034	-3	-1	0	19673
63	-24	1030	-3	-1	0	19687
70	-20	1040	-3	-1	0	19702
67	-30	1045	-3	-1	0	19716
77	-28	1049	-4	-1	0	19730
74	-36	1069	-3	-1	0	19759
75	-35	1058	-4	-1	0	19773
85	-28	1057	-4	-1	0	19787
83	-31	1064	-4	-1	0	19802
83	-31	1058	-4	-1	0	19816
79	-46	1071	-4	-2	0	19830
85	-29	1066	-4	-1	0	19858
93	-14	1069	-4	0	0	19872
91	-16	1069	-4	0	0	19886
94	-12	1065	-5	0	0	19903
101	-5	1051	-5	0	0	19917
91	0	1035	-5	0	0	19931
56	5	989	-3	0	0	19960
66	-38	898	-4	-2	0	19974
53	-68	840	-3	-4	0	19988
41	-106	749	-3	-8	0	20005
-95	-46	478	11	-5	0	20019
72	-68	256	-15	-14	0	20033
1	32	77	0	22	0	20064
-28	-43	128	11	-18	0	20078
11	-11	87	-7	-7	0	20092
-9	-1	79	6	0	0	20106
-12	-25	96	6	-14	0	20120
-15	-17	109	7	-8	0	20135
188	196	2398	-4	4	0	20163
-162	143	3246	2	2	0	20177
-674	-109	4548	8	-1	0	20191
-1068	279	4285	13	3	0	20206
-556	353	2678	11	7	0	20221
-208	209	1920	6	6	0	20235
170	121	544	-16	11	0	20265
95	65	380	-13	9	0	20280
87	-1	261	-18	0	0	20293
76	-50	231	-17	-11	0	20311
82	-23	225	-19	-5	0	20326
72	-48	302	-13	-8	0	20340
81	-44	536	-8	-4	0	20354
-21	25	1026	1	1	0	20383
-48	13	1220	2	0	0	20397
20	47	1484	0	1	0	20411
55	65	1574	-2	2	0	20426
228	35	1611	-8	1	0	20440
274	67	1498	-10	2	0	20454
163	48	1076	-8	2	0	20483
122	47	992	-7	2	0	20497
101	19	902	-6	1	0	20512
53	20	861	-3	1	0	20526
65	23	910	-4	1	0	20540
77	20	979	-4	1	0	20554
78	13	1092	-4	0	0	20568
74	34	1129	-3	1	0	20596
68	35	1100	-3	1	0	20610
35	42	1054	-1	2	0	20624
35	43	1039	-1	2	0	20638
42	40	1038	-2	2	0	20652
57	43	1062	-3	2	0	20666
70	28	1069	-3	1	0	20694
74	28	1058	-4	1	0	20708
85	28	1054	-4	1	0	20725
86	28	1060	-4	1	0	20739
83	31	1068	-4	1	0	20753
83	35	1069	-4	1	0	20767
72	35	1062	-3	1	0	20782
63	35	1061	-3	1	0	20810
63	32	1072	-3	1	0	20824
66	35	1066	-3	1	0	20838
70	35	1062	-3	1	0	20852
74	35	1068	-3	1	0	20866
75	32	1065	-4	1	0	20880
75	35	1065	-4	1	0	20908
75	32	1069	-4	1	0	20923
68	31	1065	-3	1	0	20938
60	35	1069	-3	1	0	20952
66	35	1065	-3	1	0	20966
70	32	1062	-3	1	0	20980
71	35	1061	-3	1	0	20994
71	35	1061	-3	1	0	21022
78	35	1065	-4	1	0	21037
75	32	1065	-4	1	0	21051
71	35	1058	-3	1	0	21065
60	28	1061	-3	1	0	21082
63	45	1043	-3	2	0	21096
67	35	1076	-3	1	0	21124
92	35	1063	-4	1	0	21138
91	32	1065	-4	1	0	21152
80	21	1069	-4	1	0	21166
75	30	1069	-4	1	0	21180
75	42	1058	-4	2	0	21194
68	32	1036	-3	1	0	21208
81	21	1062	-4	1	0	21237
72	27	1086	-3	1	0	21251
85	52	1081	-4	2	0	21265
83	62	1070	-4	3	0	21279
58	49	1058	-3	2	0	21293
48	44	1071	-2	2	0	21307
32	21	1062	-1	1	0	21339
49	30	1051	-2	1	0	21353
44	35	1049	-2	1	0	21367
57	57	1063	-3	3	0	21381
55	55	1072	-2	2	0	21396
41	41	1069	-2	2	0	21410
36	39	1062	-1	2	0	21424
59	46	1073	-3	2	0	21452
52	29	1076	-2	1	0	21466
37	28	1070	-1	1	0	21480
50	35	1073	-2	1	0	21494
51	39	1080	-2	2	0	21508
51	29	1081	-2	1	0	21522
47	31	1082	-2	1	0	21552
37	31	1077	-1	1	0	21566
35	31	1073	-1	1	0	21580
50	28	1076	-2	1	0	21595
58	24	1077	-3	1	0	21609
69	20	1045	-3	1	0	21623
74	13	1042	-4	0	0	21638
82	-10	1013	-4	0	0	21666
90	-1	1024	-4	0	0	21680
94	-7	1040	-5	0	0	21694
98	-8	1059	-5	0	0	21708
77	-1	1079	-4	0	0	21722
57	-25	1070	-3	-1	0	21737
78	-8	1066	-4	0	0	21765
47	-8	1023	-2	0	0	21780
5	-1	1071	0	0	0	21796
22	11	1083	-1	0	0	21810
45	12	1095	-2	0	0	21824
47	-2	1079	-2	0	0	21838
47	-7	1066	-2	0	0	21852
55	-12	1065	-2	0	0	21881
34	-1	1079	-1	0	0	21895
42	7	1081	-2	0	0	21909
61	8	1074	-3	0	0	21923
73	4	1069	-3	0	0	21937
92	-28	1055	-4	-1	0	21954
95	-14	1061	-5	0	0	21982
105	-1	1047	-5	0	0	21996
92	-11	1053	-4	0	0	22010
80	-22	1053	-4	-1	0	22024
79	-31	1060	-4	-1	0	22038
82	-42	1057	-4	-2	0	22055
80	-32	1054	-4	-1	0	22083
61	-39	1060	-3	-2	0	22097
73	-43	1050	-3	-2	0	22111
75	-43	1056	-4	-2	0	22125
71	-36	1061	-3	-1	0	22139
64	-7	1075	-3	0	0	22156
70	-28	1075	-3	-1	0	22184
64	-42	1066	-3	-2	0	22199
66	-36	1065	-3	-1	0	22215
67	-35	1062	-3	-1	0	22229
67	-32	1097	-3	-1	0	22243
70	-14	1079	-3	0	0	22258
66	-38	1073	-3	-2	0	22286
63	-43	1087	-3	-2	0	22300
81	-54	1092	-4	-2	0	22314
72	-62	1092	-3	-3	0	22328
81	-66	1110	-4	-3	0	22342
72	-63	1126	-3	-3	0	22357
84	-16	1164	-4	0	0	22400
69	20	1132	-3	0	0	22415
25	-23	1135	-1	-1	0	22429
24	-41	1143	-1	-2	0	22443
24	-25	1144	-1	-1	0	22458
34	-31	1144	-1	-1	0	22472
33	-46	1052	-1	-2	0	22500
-11	-22	1103	0	-1	0	22514
-29	-13	1111	1	0	0	22528
-28	-23	1147	1	-1	0	22542
-6	-108	1123	0	-5	0	22556
3	-113	1106	0	-5	0	22571
-1	-98	1082	0	-5	0	22599
11	-98	1077	0	-5	0	22613
19	-84	1073	-1	-4	0	22627
5	-69	1080	0	-3	0	22641
11	-63	1070	0	-3	0	22655
1	-66	1069	0	-3	0	22671
-1	-82	1066	0	-4	0	22699
3	-75	1062	0	-4	0	22713
32	-61	1075	-1	-3	0	22728
28	-56	1084	-1	-2	0	22742
24	-44	1088	-1	-2	0	22756
20	-47	1089	-1	-2	0	22771
15	-70	1085	0	-3	0	22799
19	-64	1067	-1	-3	0	22813
30	-49	1048	-1	-2	0	22827
28	-44	1039	-1	-2	0	22841
28	-26	1027	-1	-1	0	22855
28	-27	1029	-1	-1	0	22871
6	-68	1044	0	-3	0	22900
-7	-92	1063	0	-4	0	22914
-8	-91	1044	0	-4	0	22929
28	-66	1017	-1	-3	0	22943
38	-53	1021	-2	-2	0	22957
71	-34	1018	-3	-1	0	22972
55	-69	1033	-3	-3	0	23014
73	-78	1016	-4	-4	0	23029
89	-75	1004	-5	-4	0	23043
65	-68	1006	-3	-3	0	23057
53	-56	1010	-2	-3	0	23072
97	-55	999	-5	-3	0	23086
101	-44	1001	-5	-2	0	23114
88	-47	1009	-4	-2	0	23128
80	-90	1006	-4	-5	0	23143
86	-104	1013	-4	-5	0	23157
76	-113	1010	-4	-6	0	23172
89	-107	1010	-5	-6	0	23187
116	-69	1013	-6	-3	0	23215
125	-53	1014	-7	-2	0	23231
112	-48	1007	-6	-2	0	23245
100	-51	1013	-5	-2	0	23259
98	-76	1010	-5	-4	0	23273
102	-78	1007	-5	-4	0	23287
110	-65	1029	-6	-3	0	23315
121	-24	1030	-6	-1	0	23329
125	-20	1026	-6	-1	0	23343
119	-20	1036	-6	-1	0	23357
122	-27	1041	-6	-1	0	23372
148	-36	1038	-8	-1	0	23415
160	-35	1038	-8	-1	0	23432
157	-39	1048	-8	-2	0	23446
140	-43	1053	-7	-2	0	23460
141	-40	1053	-7	-2	0	23474
153	-40	1038	-8	-2	0	23503
150	-39	1045	-8	-2	0	23517
156	-36	1042	-8	-1	0	23531
150	-32	1045	-8	-1	0	23545
149	-31	1045	-8	-1	0	23559
142	-24	1045	-7	-1	0	23573
152	-28	1030	-8	-1	0	23604
153	-13	1030	-8	0	0	23618
136	-23	1047	-7	-1	0	23632
137	-31	1046	-7	-1	0	23646
130	-38	1056	-7	-2	0	23660
133	-29	1061	-7	-1	0	23674
148	-114	1077	-7	-6	0	23704
142	-107	1091	-7	-5	0	23718
149	-71	1078	-7	-3	0	23732
153	-35	1042	-8	-1	0	23746
146	-28	1049	-7	-1	0	23760
131	-13	1053	-7	0	0	23774
125	-40	1062	-6	-2	0	23804
136	-54	1061	-7	-2	0	23818
144	-69	1054	-7	-3	0	23832
145	-63	1057	-7	-3	0	23849
138	-77	1064	-7	-4	0	23863
131	-71	1051	-7	-3	0	23877
123	-57	1035	-6	-3	0	23906
122	-48	1041	-6	-2	0	23920
118	-58	1031	-6	-3	0	23934
107	-77	1040	-5	-4	0	23948
106	-78	1045	-5	-4	0	23962
110	-79	1049	-5	-4	0	23976
110	-64	1045	-6	-3	0	24005
107	-59	1049	-5	-3	0	24019
106	-48	1053	-5	-2	0	24033
110	-37	1043	-6	-2	0	24050
117	-28	1034	-6	-1	0	24065
118	-28	1034	-6	-1	0	24079
108	-9	1022	-6	0	0	24107
92	-4	1008	-5	0	0	24121
59	46	957	-3	2	0	24135
105	40	906	-6	2	0	24149
99	0	759	-7	0	0	24163
56	-35	688	-4	-2	0	24177
8	-170	288	-1	-30	0	24206
68	-66	124	-25	-25	0	24221
10	-3	119	-4	-1	0	24234
-17	21	76	12	15	0	24248
-2	9	92	1	5	3	24263
-11	1	98	6	0	3	24277
-5	-3	73	3	-2	3	24291
-7	-5	91	4	-3	3	24323
-47	169	172	10	43	3	24337
-956	303	1839	27	8	3	24351
-11	168	3625	0	2	3	24366
27	-284	4777	0	-3	3	24380
180	18	5093	-2	0	3	24395
-180	150	2038	5	4	3	24423
-181	33	1343	7	1	3	24437
-68	53	905	4	3	3	24452
14	115	419	-1	15	3	24466
-175	-20	173	45	-4	3	24480
-42	-48	176	13	-14	3	24494
-31	-28	131	13	-11	3	24526
-28	-38	211	7	-10	3	24540
29	14	258	-6	3	3	24555
-71	129	514	7	13	3	24570
-21	41	791	1	2	3	24584
-243	39	1186	11	1	3	24598
-360	-106	1594	12	-3	3	24613
-385	129	1819	11	3	3	24641
-389	190	1805	12	5	3	24655
-230	168	1567	8	6	3	24669
-235	151	1366	9	6	3	24683
-225	128	1056	11	6	3	24698
-199	84	877	12	5	3	24714
-163	67	770	11	4	3	24743
-165	63	788	11	4	3	24758
-211	45	949	12	2	3	24772
-226	47	1029	12	2	3	24786
-235	61	1129	11	3	3	24800
-236	70	1156	11	3	3	24817
-180	63	1089	9	3	3	24847
-149	63	1036	8	3	3	24861
-139	66	1020	7	3	3	24876
-145	63	1032	7	3	3	24890
-145	63	1051	7	3	3	24905
-160	59	1071	8	3	3	24919
-176	62	1044	9	3	3	24947
-184	66	1042	9	3	3	24961
-192	67	1045	10	3	3	24977
-192	70	1049	10	3	3	24991
-196	71	1056	10	3	3	25005
-196	71	1054	10	3	3	25022
-178	63	1045	9	3	3	25051
-170	66	1056	9	3	3	25066
-173	63	1054	9	3	3	25081
-173	63	1053	9	3	3	25095
-173	66	1043	9	3	3	25109
-184	67	1052	9	3	3	25124
-185	70	1050	9	3	3	25138
-188	67	1049	10	3	3	25166
-182	67	1049	9	3	3	25180
-184	63	1049	9	3	3	25195
-178	63	1053	9	3	3	25209
-177	63	1050	9	3	3	25224
-180	59	1049	9	3	3	25239
35	-1	1109	-1	0	0	26268
39	-4	1169	-1	0	0	26284
14	-4	1164	0	0	0	26299
33	-22	1142	-1	-1	0	26313
21	-27	1147	-1	-1	0	26327
23	-20	1165	-1	-1	0	26341
33	7	1107	-1	0	0	26369
32	25	1080	-1	1	0	26383
21	34	1074	-1	1	0	26397
16	39	1048	0	2	0	26411
23	32	1042	-1	1	0	26425
6	21	1031	0	1	0	26439
1	6	1040	0	0	0	26455
11	0	1019	0	0	0	26484
40	-4	1011	-2	0	0	26498
64	-4	1014	-3	0	0	26512
52	0	1028	-2	0	0	26526
58	0	1037	-3	0	0	26541
69	0	1027	-3	0	0	26556
86	0	1014	-4	0	0	26585
79	4	1028	-4	0	0	26599
61	15	1026	-3	0	0	26613
66	23	1033	-3	1	0	26627
56	34	1037	-3	1	0	26641
37	39	1027	-2	2	0	26656
39	36	1029	-2	1	0	26671
31	21	1046	-1	1	0	26699
42	2	1038	-2	0	0	26713
54	-3	1034	-2	0	0	26728
87	0	1041	-4	0	0	26742
104	0	1031	-5	0	0	26757
113	0	1030	-6	0	0	26771
81	-4	1040	-4	0	0	26799
72	-7	1045	-3	0	0	26813
64	-4	1052	-3	0	0	26827
67	3	1053	-3	0	0	26841
81	14	1046	-4	0	0	26856
86	12	1031	-4	0	0	26870
58	1	1058	-3	0	0	26884
79	18	1050	-4	1	0	26914
89	16	1049	-4	0	0	26929
97	19	1053	-5	1	0	26943
109	13	1050	-5	0	0	26957
96	-9	1078	-5	0	0	26971
77	-19	1073	-4	0	0	26986
85	-16	1042	-4	0	0	27013
93	-16	1034	-5	0	0	27027
84	-5	1030	-4	0	0	27041
83	-4	1033	-4	0	0	27055
83	-22	1030	-4	-1	0	27072
79	-23	1026	-4	-1	0	27087
71	-35	1041	-3	-1	0	27115
96	-21	1027	-5	-1	0	27129
94	-20	1022	-5	-1	0	27143
84	-20	1032	-4	-1	0	27157
79	-23	1030	-4	-1	0	27173
54	-20	1047	-2	-1	0	27188
62	-11	1057	-3	0	0	27216
73	-22	1050	-4	-1	0	27230
96	-16	1049	-5	0	0	27244
119	-5	1049	-6	0	0	27258
118	-4	1056	-6	0	0	27273
121	-7	1061	-6	0	0	27288
82	-31	1076	-4	-1	0	27316
82	-35	1077	-4	-1	0	27330
104	-28	1056	-5	-1	0	27344
120	-21	1029	-6	-1	0	27358
122	-9	1033	-6	0	0	27374
104	-15	1044	-5	0	0	27389
76	-23	1045	-4	-1	0	27417
68	-13	1035	-3	0	0	27432
67	-8	1027	-3	0	0	27446
60	-4	1019	-3	0	0	27460
59	0	1021	-3	0	0	27475
94	3	1001	-5	0	0	27489
119	4	991	-6	0	0	27503
162	4	954	-9	0	0	27532
175	11	898	-11	0	0	27546
155	19	886	-9	1	0	27560
132	5	895	-8	0	0	27574
105	1	907	-6	0	0	27588
71	0	908	-4	0	0	27603
2	4	925	0	0	0	27645
-3	18	927	0	1	0	27659
-22	19	959	1	1	0	27673
-34	9	973	2	0	0	27688
-10	-27	1010	0	-1	0	27702
2	-38	1056	0	-2	0	27716
72	-20	1075	-3	-1	0	27745
106	-9	1119	-5	0	0	27759
113	-19	1134	-5	0	0	27773
107	-27	1171	-5	-1	0	27788
88	-34	1196	-4	-1	0	27801
80	-42	1202	-3	-2	0	27817
57	-51	1214	-2	-2	0	27845
84	-23	1193	-4	-1	0	27859
111	-20	1170	-5	0	0	27873
107	-27	1185	-5	-1	0	27889
103	-63	1183	-4	-3	0	27904
109	-98	1190	-5	-4	0	27918
116	-196	1216	-5	-9	0	27947
114	-189	1197	-5	-8	0	27961
118	-139	1142	-5	-6	0	27975
90	-120	1129	-4	-6	0	27992
73	-111	1142	-3	-5	0	28006
57	-54	1101	-2	-2	0	28020
10	-9	1052	0	0	0	28048
1	-4	1050	0	0	0	28062
0	-4	1056	0	0	0	28076
7	-4	1075	0	0	0	28091
8	7	1062	0	0	0	28106
40	8	1061	-2	0	0	28121
68	11	1054	-3	0	0	28135
56	-10	1046	-3	0	0	28163
45	-29	1074	-2	-1	0	28177
19	-6	1069	-1	0	0	28192
34	3	1065	-1	0	0	28207
46	7	1062	-2	0	0	28221
47	22	1068	-2	1	0	28235
61	9	1080	-3	0	0	28267
56	8	1088	-2	0	0	28281
52	4	1085	-2	0	0	28295
51	0	1085	-2	0	0	28310
48	0	1088	-2	0	0	28324
51	4	1081	-2	0	0	28338
55	7	1077	-2	0	0	28352
62	-3	1073	-3	0	0	28380
49	0	1083	-2	0	0	28394
51	4	1067	-2	0	0	28409
33	0	1058	-1	0	0	28423
10	-7	1064	0	0	0	28437
19	-8	1068	-1	0	0	28451
32	-4	1076	-1	0	0	28479
24	-7	1091	-1	0	0	28494
24	-4	1085	-1	0	0	28509
34	0	1053	-1	0	0	28523
42	7	1036	-2	0	0	28537
40	1	1048	-2	0	0	28551
36	-3	1081	-1	0	0	28565
47	-7	1056	-2	0	0	28594
40	-4	1068	-2	0	0	28610
36	-4	1076	-1	0	0	28624
32	0	1077	-1	0	0	28638
28	0	1063	-1	0	0	28652
17	0	1065	0	0	0	28666
23	4	1061	-1	0	0	28694
20	-3	1065	-1	0	0	28711
23	-11	1061	-1	0	0	28725
27	-19	1061	-1	-1	0	28739
24	-5	1068	-1	0	0	28755
31	-22	1069	-1	-1	0	28770
28	-1	1073	-1	0	0	28798
35	18	1059	-1	0	0	28814
39	12	1061	-2	0	0	28828
32	8	1058	-1	0	0	28842
35	1	1068	-1	0	0	28856
32	-3	1069	-1	0	0	28870
35	-4	1072	-1	0	0	28884
50	3	1063	-2	0	0	28915
44	4	1047	-2	0	0	28930
29	4	1060	-1	0	0	28944
17	0	1061	0	0	0	28958
30	0	1058	-1	0	0	28973
38	0	1050	-2	0	0	28987
32	4	1064	-1	0	0	29001
31	0	1075	-1	0	0	29029
38	0	1070	-2	0	0	29043
46	-7	1069	-2	0	0	29057
47	-8	1073	-2	0	0	29071
47	3	1073	-2	0	0	29085
44	0	1076	-2	0	0	29099
28	5	1073	-1	0	0	29128
45	0	1066	-2	0	0	29142
47	0	1065	-2	0	0	29156
47	7	1062	-2	0	0	29171
47	1	1061	-2	0	0	29185
33	-3	1068	-1	0	0	29199
25	-4	1069	-1	0	0	29213
42	0	1061	-2	0	0	29242
43	0	1061	-2	0	0	29256
40	-4	1072	-2	0	0	29270
29	-4	1090	-1	0	0	29285
28	3	1092	-1	0	0	29299
31	4	1078	-1	0	0	29313
28	-4	1100	-1	0	0	29356
17	0	1093	0	0	0	29370
12	-7	1096	0	0	0	29384
12	-18	1107	0	0	0	29398
37	-5	1069	-1	0	0	29413
43	-8	1076	-2	0	0	29429
40	4	1058	-2	0	0	29457
50	-17	1036	-2	0	0	29471
58	-2	1027	-3	0	0	29486
48	-4	1033	-2	0	0	29500
47	0	1037	-2	0	0	29514
44	0	1048	-2	0	0	29530
39	8	1039	-2	0	0	29558
57	18	1048	-3	1	0	29572
55	20	1049	-3	1	0	29586
55	9	1049	-3	0	0	29600
41	4	1046	-2	0	0	29614
29	11	1045	-1	0	0	29631
28	15	1042	-1	0	0	29645
47	-21	1049	-2	-1	0	29673
37	-37	1074	-1	-2	0	29689
32	-39	1084	-1	-2	0	29703
31	-36	1088	-1	-1	0	29717
39	-28	1078	-2	-1	0	29733
43	-10	1066	-2	0	0	29747
51	-16	1072	-2	0	0	29776
55	-12	1062	-2	0	0	29790
41	-8	1082	-2	0	0	29805
39	-4	1077	-2	0	0	29819
46	0	1066	-2	0	0	29833
44	-4	1065	-2	0	0	29847
35	-4	1065	-1	0	0	29875
42	-4	1065	-2	0	0	29889
40	-11	1069	-2	0	0	29903
43	-15	1058	-2	0	0	29917
40	-12	1061	-2	0	0	29932
39	-5	1061	-2	0	0	29947
31	-12	1065	-1	0	0	29989
38	-8	1076	-2	0	0	30003
43	-4	1077	-2	0	0	30017
47	-4	1077	-2	0	0	30031
44	-4	1077	-2	0	0	30046
40	-4	1087	-2	0	0	30060
30	-8	1067	-1	0	0	30088
38	-4	1058	-2	0	0	30102
43	-11	1064	-2	0	0	30117
33	-12	1086	-1	0	0	30131
32	-1	1092	-1	0	0	30146
35	0	1103	-1	0	0	30160
65	-5	1078	-3	0	0	30188
38	-11	1084	-2	0	0	30202
25	-19	1081	-1	-1	0	30216
27	-41	1077	-1	-2	0	30230
31	-50	1091	-1	-2	0	30247
14	-76	1138	0	-3	0	30261
74	-42	1097	-3	-2	0	30289
78	-57	1118	-3	-2	0	30304
50	-52	1145	-2	-2	0	30318
51	-55	1140	-2	-2	0	30332
62	-69	1122	-3	-3	0	30346
49	-81	1127	-2	-4	0	30360
19	-90	1138	0	-4	0	30388
30	-83	1122	-1	-4	0	30402
67	-72	1095	-3	-3	0	30416
77	-81	1096	-4	-4	0	30430
64	-89	1096	-3	-4	0	30445
74	-101	1093	-3	-5	0	30460
64	-105	1091	-3	-5	0	30488
81	-95	1092	-4	-4	0	30502
61	-91	1103	-3	-4	0	30516
63	-90	1094	-3	-4	0	30530
77	-87	1075	-4	-4	0	30544
71	-79	1077	-3	-4	0	30559
71	-68	1077	-3	-3	0	30588
71	-70	1073	-3	-3	0	30603
53	-42	1055	-2	-2	0	30617
44	-33	1050	-2	-1	0	30631
65	-32	1042	-3	-1	0	30645
60	-24	1042	-3	-1	0	30660
55	-24	1038	-3	-1	0	30674
44	-35	1031	-2	-1	0	30702
50	-42	1030	-2	-2	0	30716
55	-47	1026	-3	-2	0	30730
69	-29	1012	-3	-1	0	30745
74	-28	1007	-4	-1	0	30760
53	-17	1013	-3	0	0	30774
66	-4	1015	-3	0	0	30802
63	-8	1014	-3	0	0	30817
42	-26	1017	-2	-1	0	30831
36	-31	1028	-2	-1	0	30845
50	-31	1005	-2	-1	0	30860
58	-21	999	-3	-1	0	30874
36	-22	1002	-2	-1	0	30902
39	-41	1002	-2	-2	0	30916
32	-47	1006	-1	-2	0	30930
28	-44	1010	-1	-2	0	30944
59	-57	1014	-3	-3	0	30958
80	-62	1010	-4	-3	0	30973
82	-67	1025	-4	-3	0	31001
90	-70	1029	-4	-3	0	31016
94	-78	1023	-5	-4	0	31030
94	-86	1029	-5	-4	0	31044
80	-83	1047	-4	-4	0	31059
75	-68	1038	-4	-3	0	31074
49	-85	1052	-2	-4	0	31102
54	-83	1043	-2	-4	0	31116
76	-65	1038	-4	-3	0	31131
82	-67	1041	-4	-3	0	31145
65	-60	1056	-3	-3	0	31159
67	-55	1050	-3	-3	0	31174
59	-39	1052	-3	-2	0	31201
45	-46	1057	-2	-2	0	31215
40	-65	1064	-2	-3	0	31229
50	-67	1061	-2	-3	0	31244
69	-74	1058	-3	-3	0	31258
74	-85	1068	-3	-4	0	31273
90	-82	1051	-4	-4	0	31301
90	-61	1049	-4	-3	0	31315
80	-56	1053	-4	-3	0	31329
61	-48	1053	-3	-2	0	31343
56	-47	1057	-3	-2	0	31357
44	-54	1057	-2	-2	0	31372
66	-44	1042	-3	-2	0	31400
77	-43	1042	-4	-2	0	31414
71	-54	1056	-3	-2	0	31428
67	-58	1061	-3	-3	0	31442
67	-59	1058	-3	-3	0	31456
56	-38	1057	-3	-2	0	31472
55	-43	1064	-2	-2	0	31488
66	-55	1065	-3	-2	0	31516
88	-59	1051	-4	-3	0	31530
101	-52	1046	-5	-2	0	31544
99	-26	1031	-5	-1	0	31558
81	-10	1012	-4	0	0	31573
68	20	950	-4	1	0	31588
155	13	738	-11	1	0	31616
1	5	746	0	0	0	31633
-92	-116	669	7	-9	0	31648
-27	-277	622	2	-23	0	31662
65	15	-1	-77	12	0	31676
52	12	-36	-54	10	0	31690
48	8	-10	-74	9	0	31718
30	-13	94	-17	-7	0	31732
-8	-5	73	5	-3	0	31745
6	-15	96	-3	-8	0	31759
89	136	84	-29	48	0	31774
660	-351	2767	-13	-7	0	31789
-246	-558	4693	2	-6	0	31831
-272	107	4144	3	1	0	31846
-98	216	2406	2	5	0	31860
29	124	1631	-1	4	0	31874
173	136	902	-10	8	0	31888
19	103	145	-5	35	0	31930
34	49	159	-11	16	0	31943
32	30	196	-9	8	0	31957
17	-1	250	-3	0	0	31971
5	-35	488	0	-4	0	31988
-3	39	785	0	2	0	32002
62	129	1259	-2	5	0	32030
73	161	1389	-3	6	0	32045
156	147	1515	-5	5	0	32059
242	142	1630	-8	4	0	32073
289	53	1450	-11	2	0	32090
223	41	1280	-9	1	0	32104
120	20	954	-7	1	0	32132
100	13	895	-6	0	0	32146
81	30	839	-5	2	0	32160
75	24	859	-5	1	0	32174
92	24	991	-5	1	0	32190
108	34	1111	-5	1	0	32205
106	53	1140	-5	2	0	32219
88	72	1102	-4	3	0	32248
80	74	1058	-4	4	0	32262
82	60	1033	-4	3	0	32276
79	48	1041	-4	2	0	32290
93	47	1063	-4	2	0	32304
98	40	1072	-5	2	0	32318
106	43	1050	-5	2	0	32346
110	47	1049	-5	2	0	32360
110	51	1063	-5	2	0	32374
106	51	1068	-5	2	0	32388
96	48	1058	-5	2	0	32403
98	51	1057	-5	2	0	32418
95	51	1057	-5	2	0	32432
94	51	1065	-5	2	0	32460
94	48	1054	-5	2	0	32474
105	47	1057	-5	2	0	32488
110	44	1061	-5	2	0	32503
106	47	1054	-5	2	0	32517
106	47	1053	-5	2	0	32531
99	51	1065	-5	2	0	32560
98	48	1061	-5	2	0	32574
95	47	1054	-5	2	0	32588
101	44	1057	-5	2	0	32603
102	47	1061	-5	2	0	32617
109	47	1058	-5	2	0	32631
106	47	1057	-5	2	0	32645
102	51	1064	-5	2	0	32673
99	48	1061	-5	2	0	32687
102	51	1054	-5	2	0	32704
99	44	1060	-5	2	0	32718
98	50	1057	-5	2	0	32732
102	51	1057	-5	2	0	32746
102	47	1064	-5	2	0	32775
99	51	1058	-5	2	0	32789
102	48	1064	-5	2	0	32803
99	47	1061	-5	2	0	32817
98	51	1061	-5	2	0	32831
102	48	1065	-5	2	0	32845
99	48	1058	-5	2	0	32887
102	47	1061	-5	2	0	32902
95	47	1061	-5	2	0	32917
98	51	1061	-5	2	0	32931
98	48	1061	-5	2	0	32944
95	47	1061	-5	2	0	32958
102	48	1061	-5	2	0	32986
99	47	1054	-5	2	0	33000
102	44	1060	-5	2	0	33015
99	50	1057	-5	2	0	33029
98	51	1061	-5	2	0	33043
95	51	1058	-5	2	0	33057
101	51	1046	-5	2	0	33086
102	48	1053	-5	2	0	33100
113	47	1053	-6	2	0	33115
121	51	1053	-6	2	0	33129
118	48	1050	-6	2	0	33142
104	37	1049	-5	1	0	33156
88	35	1056	-4	1	0	33170
103	40	1096	-5	2	0	33198
56	53	1086	-2	2	0	33215
34	58	1056	-1	3	0	33230
39	59	1029	-2	3	0	33244
53	59	1030	-2	3	0	33258
87	66	1058	-4	3	0	33273
98	42	1060	-5	2	0	33301
98	40	1068	-5	2	0	33315
102	32	1076	-5	1	0	33329
102	46	1066	-5	2	0	33343
102	51	1072	-5	2	0	33358
102	58	1073	-5	3	0	33372
99	55	1076	-5	2	0	33386
50	39	1160	-2	1	0	33415
47	75	1131	-2	3	0	33430
83	64	1054	-4	3	0	33444
125	56	965	-7	3	0	33458
133	34	984	-7	1	0	33473
137	7	1050	-7	0	0	33487
97	33	1095	-5	1	0	33515
63	39	1125	-3	1	0	33530
66	32	1103	-3	1	0	33544
56	32	1090	-2	1	0	33558
87	10	1082	-4	0	0	33575
90	8	1074	-4	0	0	33589
73	-45	1094	-3	-2	0	33603
46	-49	1127	-2	-2	0	33632
51	-33	1082	-2	-1	0	33646
97	-17	1077	-5	0	0	33660
70	-27	1091	-3	-1	0	33674
67	-27	1174	-3	-1	0	33688
49	-3	1150	-2	0	0	33702
23	-39	1103	-1	-2	0	33731
27	-29	1108	-1	-1	0	33745
17	-59	1151	0	-2	0	33759
-2	-63	1151	0	-3	0	33773
49	-66	1120	-2	-3	0	33788
30	-56	1109	-1	-2	0	33802
44	-13	1065	-2	0	0	33831
15	-47	1058	0	-2	0	33845
65	-51	1075	-3	-2	0	33859
3	-189	1098	0	-9	0	33873
-17	-136	1036	0	-7	0	33887
44	-127	1076	-2	-6	0	33901
43	-125	1109	-2	-6	0	33932
64	-119	1098	-3	-6	0	33946
105	-114	1072	-5	-6	0	33960
110	-96	1062	-5	-5	0	33974
85	-77	1051	-4	-4	0	33988
76	-85	1067	-4	-4	0	34002
50	-46	1037	-2	-2	0	34031
44	-47	1027	-2	-2	0	34046
19	-47	1040	-1	-2	0	34060
20	-44	1031	-1	-2	0	34074
20	-61	1037	-1	-3	0	34090
27	-56	1020	-1	-3	0	34104
46	-55	1018	-2	-3	0	34133
47	-55	1025	-2	-3	0	34147
54	-59	1033	-3	-3	0	34160
69	-66	1048	-3	-3	0	34174
78	-84	1024	-4	-4	0	34188
82	-104	1040	-4	-5	0	34202
78	-117	1042	-4	-6	0	34231
78	-111	1042	-4	-6	0	34246
72	-114	1038	-3	-6	0	34260
57	-107	1030	-3	-5	0	34275
66	-113	1030	-3	-6	0	34292
63	-117	1026	-3	-6	0	34306
45	-106	1036	-2	-5	0	34334
72	-110	1013	-4	-6	0	34349
78	-110	1014	-4	-6	0	34363
68	-103	1017	-3	-5	0	34377
56	-106	1025	-3	-5	0	34391
48	-113	1033	-2	-6	0	34405
54	-122	1052	-2	-6	0	34433
58	-132	1050	-3	-7	0	34448
62	-134	1046	-3	-7	0	34462
73	-144	1056	-3	-7	0	34476
99	-142	1057	-5	-7	0	34490
130	-131	1071	-6	-6	0	34504
119	-129	1092	-6	-6	0	34532
118	-133	1078	-6	-7	0	34549
100	-137	1077	-5	-7	0	34563
74	-134	1080	-3	-7	0	34577
50	-134	1095	-2	-6	0	34591
40	-137	1100	-2	-7	0	34605
73	-138	1087	-3	-7	0	34634
96	-127	1085	-5	-6	0	34649
98	-126	1088	-5	-6	0	34663
116	-143	1103	-5	-7	0	34677
111	-159	1115	-5	-8	0	34691
125	-159	1117	-6	-8	0	34733
112	-122	1116	-5	-6	0	34747
128	-108	1102	-6	-5	0	34762
126	-106	1101	-6	-5	0	34776
115	-103	1107	-5	-5	0	34790
98	-121	1130	-4	-6	0	34819
91	-129	1139	-4	-6	0	34834
108	-126	1108	-5	-6	0	34850
110	-115	1094	-5	-5	0	34864
110	-100	1089	-5	-5	0	34878
99	-84	1071	-5	-4	0	34892
90	-110	1046	-4	-6	0	34920
48	-114	1031	-2	-6	0	34934
86	-86	1058	-4	-4	0	34949
48	-86	1057	-2	-4	0	34964
90	-111	1029	-4	-6	0	34978
97	-110	1015	-5	-6	0	34992
102	-92	1003	-5	-5	0	35020
99	-87	995	-5	-4	0	35034
70	-90	991	-4	-5	0	35048
53	-101	994	-3	-5	0	35062
41	-70	945	-2	-4	0	35077
32	-71	933	-1	-4	0	35090
12	-52	935	0	-3	0	35119
33	-55	946	-1	-3	0	35133
28	-55	972	-1	-3	0	35148
38	-69	974	-2	-4	0	35162
67	-78	971	-3	-4	0	35177
95	-86	974	-5	-5	0	35191
98	-86	989	-5	-4	0	35205
101	-106	1024	-5	-5	0	35233
109	-106	1036	-5	-5	0	35247
110	-103	1037	-6	-5	0	35264
106	-99	1062	-5	-5	0	35279
103	-95	1058	-5	-5	0	35293
125	-98	1064	-6	-5	0	35322
83	-109	1086	-4	-5	0	35336
76	-110	1099	-3	-5	0	35350
85	-85	1079	-4	-4	0	35364
100	-69	1063	-5	-3	0	35378
109	-67	1058	-5	-3	0	35392
111	-70	1057	-5	-3	0	35420
96	-71	1078	-5	-3	0	35434
98	-74	1070	-5	-3	0	35448
84	-68	1083	-4	-3	0	35464
76	-67	1095	-3	-3	0	35479
71	-77	1089	-3	-4	0	35493
111	-68	1044	-6	-3	0	35521
124	-67	1042	-6	-3	0	35535
140	-70	1041	-7	-3	0	35549
138	-71	1031	-7	-3	0	35564
123	-81	1040	-6	-4	0	35579
104	-97	1059	-5	-5	0	35593
89	-102	1050	-4	-5	0	35624
94	-84	1035	-5	-4	0	35638
101	-72	1020	-5	-4	0	35652
99	-67	1025	-5	-3	0	35667
102	-67	1019	-5	-3	0	35681
109	-67	1014	-6	-3	0	35695
102	-71	1017	-5	-3	0	35723
102	-67	1018	-5	-3	0	35737
102	-67	1014	-5	-3	0	35751
120	-67	1010	-6	-3	0	35765
122	-60	1007	-6	-3	0	35780
111	-59	999	-6	-3	0	35794
110	-63	1016	-6	-3	0	35824
99	-63	1018	-5	-3	0	35839
95	-66	1025	-5	-3	0	35853
98	-70	1012	-5	-3	0	35867
95	-64	1014	-5	-3	0	35881
87	-66	1025	-4	-3	0	35895
94	-67	1029	-5	-3	0	35923
94	-67	1040	-5	-3	0	35937
91	-70	1038	-4	-3	0	35951
90	-81	1038	-4	-4	0	35965
94	-72	1041	-5	-3	0	35982
91	-74	1045	-4	-4	0	35996
99	-56	1041	-5	-3	0	36041
91	-59	1056	-4	-3	0	36055
94	-66	1061	-5	-3	0	36069
84	-70	1065	-4	-3	0	36084
83	-71	1065	-4	-3	0	36099
100	-60	1051	-5	-3	0	36112
95	-48	1060	-5	-2	0	36140
94	-44	1061	-5	-2	0	36154
91	-47	1054	-4	-2	0	36168
90	-61	1064	-4	-3	0	36186
83	-70	1068	-4	-3	0	36200
76	-71	1069	-4	-3	0	36214
89	-68	1058	-4	-3	0	36242
115	-56	1036	-6	-3	0	36256
128	-52	1034	-7	-2	0	36270
119	-62	1058	-6	-3	0	36287
104	-73	1061	-5	-3	0	36301
92	-82	1050	-4	-4	0	36315
134	-64	1013	-7	-3	0	36344
141	-52	1003	-7	-2	0	36358
120	-19	974	-7	-1	0	36372
118	-2	953	-7	0	0	36388
104	25	856	-6	1	0	36403
85	38	765	-6	2	0	36417
-167	82	412	21	10	0	36445
-3	-639	140	0	-77	0	36459
-36	-188	414	4	-24	0	36473
-46	-231	367	6	-32	0	36488
-217	16	160	53	3	0	36503
130	-23	-87	-55	-8	0	36517
-32	21	60	26	17	0	36547
-56	-33	105	27	-15	0	36561
19	-3	95	-11	-1	0	36575
-5	-18	91	3	-11	0	36589
-1	-5	83	0	-3	0	36603
-7	-8	90	4	-4	0	36617
-8	-4	87	5	-2	0	36631
-868	451	2360	19	10	0	36659
338	-726	6122	-3	-6	0	36673
462	-1445	7446	-3	-10	0	36687
870	-236	5902	-8	-2	0	36702
501	47	3929	-7	0	0	36716
47	265	249	-7	46	0	36760
-73	34	145	26	11	0	36774
127	63	78	-51	23	0	36788
-12	-1	75	9	0	0	36802
6	11	53	-6	11	3	36816
43	-17	62	-33	-12	3	36830
10	5	77	-7	4	3	36859
12	15	61	-10	13	3	36873
5	-27	109	-2	-13	3	36887
11	4	78	-8	3	3	36904
160	489	758	-10	32	3	36918
66	-75	1215	-3	-3	3	36932
-62	22	2402	1	0	3	36963
-34	236	2447	0	5	3	36977
71	289	2098	-1	7	3	36993
64	174	1759	-2	5	3	37007
13	124	1230	0	5	3	37024
1	87	1032	0	4	3	37039
-18	9	793	1	0	3	37053
-21	29	605	1	2	3	37081
-27	24	609	2	2	3	37096
-27	20	754	2	1	3	37111
-24	6	875	1	0	3	37125
-9	22	1067	0	1	3	37139
13	20	1171	0	0	3	37154
30	41	1245	-1	1	3	37168
32	62	1191	-1	2	3	37196
28	70	1106	-1	3	3	37212
20	57	1020	-1	3	3	37226
9	45	993	0	2	3	37240
12	43	1030	0	2	3	37254
19	50	1072	-1	2	3	37268
5	43	1082	0	2	3	37297
1	43	1049	0	2	3	37314
0	47	1042	0	2	3	37328
0	51	1070	0	2	3	37342
4	51	1080	0	2	3	37357
7	48	1063	0	2	3	37372
8	44	1054	0	2	3	37386
8	43	1068	0	2	3	37415
11	47	1065	0	2	3	37430
5	47	1058	0	2	3	37444
4	47	1057	0	2	3	37458
0	47	1071	0	2	3	37472
7	47	1062	0	2	3	37487
8	44	1061	0	2	3	37501
12	47	1068	0	2	3	37533
5	44	1065	0	2	3	37547
8	47	1065	0	2	3	37561
4	51	1065	0	2	3	37575
4	48	1065	0	2	3	37590
4	44	1065	0	2	3	37604
8	47	1065	0	2	3	37635
11	51	1065	0	2	3	37650
12	48	1065	0	2	3	37664
8	44	1065	0	2	3	37679
8	50	1069	0	2	3	37693
4	47	1069	0	2	3	37708
8	47	1062	0	2	3	37723
8	43	1065	0	2	3	37751
8	47	1061	0	2	3	37765
11	47	1065	0	2	3	37780
8	47	1069	0	2	3	37794
8	44	1062	0	2	3	37808
36	57	1093	-1	3	0	38825
67	52	1117	-3	2	0	38842
78	17	1103	-4	0	0	38871
18	58	970	-1	3	0	38885
5	20	971	0	1	0	38899
54	20	1049	-2	1	0	38913
58	48	1074	-3	2	0	38927
59	51	1098	-3	2	0	38942
9	60	1111	0	3	0	38972
-10	55	1126	0	2	0	38986
-58	69	1110	2	3	0	39003
-38	74	1101	1	3	0	39017
3	82	1069	0	4	0	39031
14	22	1115	0	1	0	39046
26	2	1197	-1	0	0	39060
57	0	1203	-2	0	0	39088
30	21	1234	-1	0	0	39102
53	13	1139	-2	0	0	39116
-27	22	1246	1	1	0	39130
-6	-15	1437	0	0	0	39144
-18	62	1360	0	2	0	39159
34	52	1211	-1	2	0	39173
58	-38	1277	-2	-1	0	39201
41	-89	1281	-1	-3	0	39215
43	-83	1274	-1	-3	0	39229
75	-68	1252	-3	-3	0	39244
78	-42	1243	-3	-1	0	39259
86	-25	1242	-3	-1	0	39273
66	-31	1200	-3	-1	0	39301
63	-42	1199	-3	-2	0	39316
10	-78	1227	0	-3	0	39330
1	-82	1219	0	-3	0	39344
11	-65	1148	0	-3	0	39359
8	-21	1123	0	-1	0	39373
-27	8	1142	1	0	0	39401
15	-17	1112	0	0	0	39415
30	-34	1087	-1	-1	0	39429
28	-42	1085	-1	-2	0	39443
31	-22	1063	-1	-1	0	39458
31	-16	1058	-1	0	0	39473
48	-4	1040	-2	0	0	39501
93	-25	1009	-5	-1	0	39516
101	-41	1006	-5	-2	0	39530
91	-40	1006	-5	-2	0	39544
98	-50	1006	-5	-2	0	39559
91	-83	1020	-5	-4	0	39573
97	-75	1001	-5	-4	0	39601
91	-57	988	-5	-3	0	39615
83	-13	976	-4	0	0	39629
93	2	961	-5	0	0	39643
87	4	920	-5	0	0	39657
62	7	916	-3	0	0	39671
34	1	930	-2	0	0	39685
8	-11	905	0	0	0	39713
43	-8	879	-2	0	0	39727
72	-8	877	-4	0	0	39741
103	-15	873	-6	0	0	39756
99	-19	883	-6	-1	0	39772
77	-23	898	-4	-1	0	39786
68	-53	925	-4	-3	0	39814
74	-48	945	-4	-2	0	39828
85	-30	943	-5	-1	0	39843
104	-35	940	-6	-2	0	39856
109	-46	953	-6	-2	0	39872
121	-51	965	-7	-2	0	39887
122	-65	984	-7	-3	0	39901
125	-45	972	-7	-2	0	39932
122	-40	978	-7	-2	0	39946
125	-46	986	-7	-2	0	39960
129	-54	990	-7	-3	0	39974
133	-58	997	-7	-3	0	39988
141	-59	1002	-7	-3	0	40002
134	-73	1013	-7	-4	0	40030
127	-71	1017	-7	-3	0	40044
133	-64	1014	-7	-3	0	40058
155	-66	1010	-8	-3	0	40074
157	-63	1017	-8	-3	0	40089
154	-59	1025	-8	-3	0	40103
149	-66	1008	-8	-3	0	40134
160	-77	1003	-9	-4	0	40148
157	-78	1016	-8	-4	0	40162
147	-68	1021	-8	-3	0	40176
135	-60	1029	-7	-3	0	40190
153	-85	1025	-8	-4	0	40232
146	-90	1033	-8	-4	0	40246
142	-90	1037	-7	-4	0	40260
138	-83	1041	-7	-4	0	40276
155	-79	1031	-8	-4	0	40291
161	-64	1048	-8	-3	0	40319
154	-63	1060	-8	-3	0	40335
146	-59	1047	-7	-3	0	40349
149	-48	1042	-8	-2	0	40363
156	-40	1042	-8	-2	0	40378
168	-39	1038	-9	-2	0	40392
154	-28	1045	-8	-1	0	40420
132	-35	1052	-7	-1	0	40434
133	-39	1050	-7	-2	0	40448
141	-46	1056	-7	-2	0	40462
141	-44	1054	-7	-2	0	40476
138	-36	1046	-7	-1	0	40491
148	-31	1038	-8	-1	0	40519
156	-31	1027	-8	-1	0	40535
164	-46	1033	-9	-2	0	40550
165	-54	1037	-9	-2	0	40564
158	-62	1048	-8	-3	0	40578
154	-70	1056	-8	-3	0	40592
168	-77	1050	-9	-4	0	40620
165	-78	1049	-8	-4	0	40634
162	-68	1042	-8	-3	0	40648
165	-67	1042	-8	-3	0	40662
165	-56	1038	-9	-3	0	40677
165	-55	1034	-9	-3	0	40693
127	-59	1046	-6	-3	0	40721
136	-62	1049	-7	-3	0	40735
141	-59	1046	-7	-3	0	40749
152	-63	1038	-8	-3	0	40763
157	-63	1052	-8	-3	0	40778
150	-56	1060	-8	-2	0	40795
142	-51	1051	-7	-2	0	40823
138	-55	1049	-7	-2	0	40837
145	-48	1046	-7	-2	0	40852
149	-44	1045	-8	-2	0	40866
149	-54	1056	-8	-2	0	40880
149	-58	1064	-7	-3	0	40895
171	-55	1046	-9	-2	0	40922
169	-69	1042	-9	-3	0	40936
169	-71	1045	-9	-3	0	40950
162	-67	1035	-8	-3	0	40964
161	-63	1030	-8	-3	0	40978
158	-70	1037	-8	-3	0	40994
157	-71	1041	-8	-3	0	41022
154	-57	1038	-8	-3	0	41036
153	-52	1034	-8	-2	0	41051
139	-51	1048	-7	-2	0	41065
134	-48	1046	-7	-2	0	41079
144	-40	1045	-7	-2	0	41094
156	-44	1045	-8	-2	0	41123
157	-43	1042	-8	-2	0	41138
154	-43	1052	-8	-2	0	41153
157	-40	1050	-8	-2	0	41167
150	-50	1046	-8	-2	0	41181
153	-51	1049	-8	-2	0	41196
150	-25	1041	-8	-1	0	41224
156	-27	1034	-8	-1	0	41238
161	-27	1037	-8	-1	0	41252
147	-31	1037	-8	-1	0	41266
142	-35	1041	-7	-1	0	41280
142	-42	1041	-7	-2	0	41294
157	-37	1048	-8	-1	0	41323
154	-7	1042	-8	0	0	41337
143	-1	1027	-7	0	0	41354
142	-7	1040	-7	0	0	41368
138	-33	1045	-7	-1	0	41382
141	-28	1056	-7	-1	0	41396
170	-31	1043	-9	-1	0	41424
180	-38	1049	-9	-2	0	41438
181	-36	1039	-9	-1	0	41452
184	-25	1023	-10	-1	0	41466
192	-6	1022	-10	0	0	41480
128	0	1030	-7	0	0	41526
119	-4	1023	-6	0	0	41540
118	0	1022	-6	0	0	41554
136	0	1022	-7	0	0	41568
152	4	1022	-8	0	0	41582
167	15	1022	-9	0	0	41596
158	19	1025	-8	1	0	41627
147	16	1036	-8	0	0	41641
138	5	1052	-7	0	0	41655
134	4	1060	-7	0	0	41670
141	-3	1047	-7	0	0	41684
156	0	1046	-8	0	0	41700
169	-7	1060	-9	0	0	41728
180	-15	1065	-9	0	0	41742
184	-19	1054	-9	-1	0	41756
188	-9	1053	-10	0	0	41770
182	-8	1053	-9	0	0	41785
167	-11	1074	-8	0	0	41799
165	-9	1066	-8	0	0	41830
169	-8	1058	-9	0	0	41844
172	-1	1061	-9	0	0	41858
166	0	1061	-8	0	0	41872
169	4	1075	-8	0	0	41886
165	4	1073	-8	0	0	41900
149	7	1069	-7	0	0	41931
153	4	1076	-8	0	0	41945
160	8	1080	-8	0	0	41959
161	4	1081	-8	0	0	41974
158	4	1081	-8	0	0	41988
157	0	1074	-8	0	0	42002
161	0	1073	-8	0	0	42017
173	8	1068	-9	0	0	42045
166	8	1062	-8	0	0	42059
162	4	1065	-8	0	0	42073
165	0	1058	-8	0	0	42087
161	-3	1054	-8	0	0	42101
161	-4	1057	-8	0	0	42116
161	4	1038	-8	0	0	42145
150	0	1045	-8	0	0	42159
142	4	1049	-7	0	0	42173
134	7	1049	-7	0	0	42187
134	4	1042	-7	0	0	42201
144	0	1045	-7	0	0	42215
145	4	1045	-7	0	0	42230
161	15	1045	-8	0	0	42258
161	16	1038	-8	0	0	42272
168	19	1023	-9	1	0	42287
165	27	1022	-9	1	0	42301
151	49	1015	-8	2	0	42316
139	72	975	-8	4	0	42331
116	100	890	-7	6	0	42359
47	120	807	-3	8	0	42373
15	129	742	-1	9	0	42387
-2	62	615	0	5	0	42401
0	10	511	0	1	0	42415
4	-172	313	0	-28	0	42432
60	252	-170	-11	54	0	42446
-15	-72	110	6	-32	0	42474
76	-71	117	-29	-26	0	42488
4	-18	75	-3	-13	0	42502
-14	-5	85	9	-3	0	42516
-8	-4	86	5	-2	0	42533
-8	0	90	5	0	0	42548
-4	-15	94	2	-8	0	42576
-4	-16	91	2	-9	0	42590
-4	-19	94	2	-11	0	42604
0	-13	101	0	-7	0	42619
-4	-26	113	1	-12	0	42636
-46	429	439	4	44	0	42650
462	644	4504	-5	8	0	42664
596	257	7633	-4	1	0	42695
272	489	5513	-2	5	0	42709
-47	42	2249	1	1	0	42723
-79	-52	1240	3	-2	0	42737
141	242	396	-16	29	0	42751
42	233	234	-7	44	0	42765
52	22	94	-28	11	0	42792
9	-26	70	-6	-20	0	42806
1	4	56	0	4	0	42820
25	0	76	-18	0	0	42836
-12	-14	68	9	-11	0	42851
-5	-5	99	2	-2	0	42865
32	7	125	-14	3	0	42910
46	386	168	-6	65	0	42924
213	102	791	-14	7	0	42938
280	-743	2403	-6	-17	0	42952
-7	-435	2253	0	-10	0	42966
-82	-525	2715	1	-10	0	42980
57	-76	2429	-1	-1	0	43008
183	194	1700	-6	6	0	43022
202	228	1373	-8	9	0	43036
194	164	993	-10	9	0	43051
179	130	824	-12	8	0	43065
145	84	655	-12	7	0	43079
41	60	626	-3	5	0	43110
32	80	696	-2	6	0	43124
49	114	876	-3	7	0	43138
97	125	990	-5	7	0	43153
144	90	1149	-7	4	0	43166
181	69	1211	-8	3	0	43180
214	57	1215	-9	2	0	43208
191	41	1186	-9	1	0	43222
122	-21	1095	-6	-1	0	43238
115	-34	1011	-6	-1	0	43253
107	-25	989	-6	-1	0	43267
92	15	1008	-5	0	0	43281
98	69	1093	-5	3	0	43323
91	74	1093	-4	3	0	43337
98	64	1071	-5	3	0	43354
102	38	1048	-5	2	0	43368
106	32	1049	-5	1	0	43382
113	28	1053	-6	1	0	43396
121	34	1065	-6	1	0	43425
125	42	1051	-6	2	0	43439
122	47	1053	-6	2	0	43453
115	47	1064	-6	2	0	43467
114	40	1058	-6	2	0	43481
107	36	1061	-5	1	0	43495
103	35	1060	-5	1	0	43523
109	39	1065	-5	2	0	43537
117	46	1061	-6	2	0	43552
118	40	1058	-6	2	0	43568
118	36	1057	-6	1	0	43582
114	35	1057	-6	1	0	43596
118	46	1054	-6	2	0	43610
110	47	1065	-5	2	0	43638
103	40	1054	-5	2	0	43653
109	39	1053	-5	2	0	43667
114	36	1053	-6	1	0	43681
107	32	1057	-5	1	0	43695
117	39	1061	-6	2	0	43709
115	40	1061	-6	2	0	43738
111	36	1065	-5	1	0	43752
110	35	1058	-5	1	0	43767
107	35	1054	-5	1	0	43781
113	42	1057	-6	2	0	43795
117	40	1061	-6	2	0	43809
114	39	1061	-6	2	0	43836
114	36	1058	-6	1	0	43852
114	39	1054	-6	2	0	43867
114	39	1064	-6	2	0	43881
110	39	1061	-5	2	0	43895
107	39	1058	-5	2	0	43909
114	39	1061	-6	2	0	43951
114	39	1061	-6	2	0	43968
110	39	1061	-5	2	0	43982
110	39	1054	-5	2	0	43996
117	39	1053	-6	2	0	44010
107	39	1057	-5	2	0	44024
110	43	1057	-5	2	0	44052
114	36	1054	-6	1	0	44068
117	39	1057	-6	2	0	44083
114	39	1054	-6	2	0	44097
110	36	1053	-5	1	0	44111
114	42	1060	-6	2	0	44125
110	39	1054	-5	2	0	44153
114	36	1060	-6	1	0	44168
114	42	1057	-6	2	0	44183
114	40	1057	-6	2	0	44197
114	39	1061	-6	2	0	44211
110	36	1061	-5	1	0	44226
114	39	1061	-6	2	0	44254
114	39	1058	-6	2	0	44269
110	39	1057	-5	2	0	44283
110	39	1057	-5	2	0	44297
114	36	1057	-6	1	0	44311
114	39	1057	-6	2	0	44325
118	43	1057	-6	2	0	44339
110	43	1057	-5	2	0	44367
114	43	1061	-6	2	0	44382
114	43	1061	-6	2	0	44396
114	40	1061	-6	2	0	44410
110	39	1058	-5	2	0	44426
114	36	1054	-6	1	0	44440
107	39	1057	-5	2	0	44468
110	39	1057	-5	2	0	44482
114	39	1061	-6	2	0	44496
114	39	1054	-6	2	0	44510
114	39	1057	-6	2	0	44525
114	43	1061	-6	2	0	44539
117	39	1061	-6	2	0	44567
114	39	1061	-6	2	0	44584
114	39	1061	-6	2	0	44598
110	36	1061	-5	1	0	44612
110	39	1058	-5	2	0	44626
107	39	1054	-5	2	0	44640
113	39	1057	-6	2	0	44654
110	43	1061	-5	2	0	44685
117	40	1061	-6	2	0	44699
114	39	1058	-6	2	0	44713
114	39	1057	-6	2	0	44727
110	36	1057	-5	1	0	44742
96	35	1043	-5	1	0	44756
127	10	986	-7	0	0	44786
105	1	1036	-5	0	0	44800
102	35	1129	-5	1	0	44814
159	78	1114	-8	3	0	44828
80	50	1176	-3	2	0	44842
65	55	1221	-3	2	0	44856
140	11	1029	-7	0	0	44899
134	40	1019	-7	2	0	44914
105	61	1025	-5	3	0	44928
88	70	1036	-4	3	0	44942
73	81	1048	-3	4	0	44956
67	82	1028	-3	4	0	44969
91	39	1091	-4	2	0	44999
108	22	1099	-5	1	0	45013
103	-5	1111	-5	0	0	45027
81	-25	1193	-3	-1	0	45044
79	26	1188	-3	1	0	45058
125	31	1159	-6	1	0	45072
112	36	1182	-5	1	0	45101
100	4	1271	-4	0	0	45115
91	-10	1248	-4	0	0	45129
105	130	1115	-5	6	0	45143
49	45	1109	-2	2	0	45157
26	26	1122	-1	1	0	45171
56	-8	1149	-2	0	0	45185
24	-23	1155	-1	-1	0	45214
9	-48	1216	0	-2	0	45228
12	-65	1236	0	-3	0	45245
44	-35	1206	-2	-1	0	45259
75	-25	1196	-3	-1	0	45273
75	-41	1191	-3	-1	0	45290
67	-102	1282	-2	-4	0	45318
74	-116	1303	-3	-5	0	45332
113	-100	1223	-5	-4	0	45347
96	-88	1219	-4	-4	0	45361
116	-90	1208	-5	-4	0	45374
135	-90	1196	-6	-4	0	45389
91	-27	1157	-4	-1	0	45418
55	-13	1156	-2	0	0	45432
66	-58	1194	-3	-2	0	45446
60	-73	1188	-2	-3	0	45461
48	-64	1155	-2	-3	0	45475
33	-63	1152	-1	-3	0	45490
81	-67	1092	-4	-3	0	45520
97	-63	1054	-5	-3	0	45534
77	-63	1050	-4	-3	0	45548
32	-81	1081	-1	-4	0	45562
46	-89	1074	-2	-4	0	45576
75	-87	1052	-4	-4	0	45590
57	-30	1026	-3	-1	0	45621
45	-24	1026	-2	-1	0	45635
89	-17	997	-5	0	0	45649
94	-16	959	-5	0	0	45664
77	-16	945	-4	0	0	45678
64	-30	961	-3	-1	0	45692
52	-32	989	-3	-1	0	45720
72	-17	962	-4	-1	0	45734
64	-12	959	-3	0	0	45748
42	-5	948	-2	0	0	45762
47	0	933	-2	0	0	45776
65	-7	935	-3	0	0	45790
79	-39	950	-4	-2	0	45834
79	-39	944	-4	-2	0	45848
82	-43	943	-4	-2	0	45863
86	-36	957	-5	-2	0	45877
104	-7	938	-6	0	0	45891
113	-8	928	-6	0	0	45906
99	-24	950	-5	-1	0	45934
98	-38	958	-5	-2	0	45948
112	-39	959	-6	-2	0	45962
135	-29	955	-8	-1	0	45976
123	-31	944	-7	-1	0	45990
118	-46	972	-6	-2	0	46004
116	-51	953	-6	-3	0	46033
125	-55	958	-7	-3	0	46047
150	-62	962	-8	-3	0	46064
128	-63	984	-7	-3	0	46078
130	-56	983	-7	-3	0	46092
151	-55	972	-8	-3	0	46106
176	-54	992	-10	-3	0	46134
191	-58	991	-10	-3	0	46148
199	-52	997	-11	-2	0	46162
190	-48	1002	-10	-2	0	46176
171	-44	1006	-9	-2	0	46190
159	-50	1017	-8	-2	0	46204
115	-51	1037	-6	-2	0	46236
128	-44	1027	-7	-2	0	46250
144	-47	1019	-8	-2	0	46264
166	-58	1018	-9	-3	0	46278
165	-55	1018	-9	-3	0	46292
133	-48	1028	-7	-2	0	46306
103	-47	1016	-5	-2	0	46337
99	-40	1014	-5	-2	0	46351
105	-54	1025	-5	-2	0	46366
110	-55	1036	-6	-3	0	46380
117	-37	1037	-6	-2	0	46394
121	-39	1045	-6	-2	0	46408
121	-6	1034	-6	0	0	46439
118	-11	1051	-6	0	0	46453
104	-5	1060	-5	0	0	46467
92	7	1043	-5	0	0	46482
98	15	1038	-5	0	0	46497
109	1	1048	-5	0	0	46511
114	-26	1060	-6	-1	0	46539
110	-34	1057	-5	-1	0	46553
107	-39	1057	-5	-2	0	46567
110	-32	1050	-5	-1	0	46581
124	-21	1046	-6	-1	0	46595
119	-13	1049	-6	0	0	46609
113	-4	1035	-6	0	0	46639
110	-25	1041	-6	-1	0	46653
110	-38	1052	-5	-2	0	46667
110	-36	1053	-5	-1	0	46681
92	-21	1060	-4	-1	0	46695
98	-16	1061	-5	0	0	46709
121	-8	1058	-6	0	0	46738
122	-18	1054	-6	-1	0	46752
111	-16	1053	-6	0	0	46766
78	-19	1067	-4	-1	0	46780
54	-23	1062	-2	-1	0	46794
66	-13	1036	-3	0	0	46808
113	-2	1013	-6	0	0	46837
146	0	1003	-8	0	0	46851
163	0	1006	-9	0	0	46866
165	7	967	-9	0	0	46880
176	18	939	-10	1	0	46894
141	44	868	-9	2	0	46908
76	46	732	-5	3	0	46939
25	47	618	-2	4	0	46953
-29	8	469	3	1	0	46967
-28	-73	439	3	-9	0	46981
18	35	-115	-8	16	3	46996
-9	60	20	7	69	3	47010
27	-33	151	-10	-12	3	47024
5	-3	97	-3	-1	3	47053
22	-4	80	-15	-2	3	47067
6	0	86	-3	0	3	47081
4	11	72	-3	8	3	47095
0	1	85	0	0	3	47110
0	0	86	0	0	3	47124
-4	-7	86	2	-4	3	47141
-4	-8	102	2	-4	3	47170
-4	-11	102	2	-6	3	47185
7	-22	106	-3	-11	3	47199
-21	376	534	1	35	3	47213
695	296	5164	-7	3	3	47227
1095	-359	8927	-6	-2	3	47245
461	176	3704	-7	2	3	47273
166	39	1990	-4	1	3	47289
-128	174	532	12	17	3	47304
-140	201	57	33	53	3	47318
-56	232	-295	8	37	3	47333
16	-33	27	-19	-46	3	47347
-20	-40	96	10	-22	3	47376
-2	7	77	1	4	3	47390
10	-42	124	-4	-18	3	47404
-6	-1	76	4	0	3	47418
-11	-4	89	7	-2	3	47433
-5	14	76	3	10	3	47450
-8	-6	89	4	-3	3	47465
140	19	135	-45	5	3	47493
219	-16	569	-21	-1	3	47507
57	16	846	-3	1	3	47521
218	-398	2253	-5	-9	3	47536
131	-666	2599	-2	-14	3	47553
254	-583	2835	-5	-11	3	47567
364	146	1858	-11	4	3	47595
302	199	1491	-11	7	3	47609
306	211	994	-16	11	3	47624
246	159	803	-16	10	3	47638
173	76	618	-15	6	3	47655
222	82	592	-20	7	3	47669
112	39	608	-10	3	3	47698
138	99	761	-10	7	3	47713
180	123	858	-11	8	3	47727
248	129	1034	-13	6	3	47741
294	77	1157	-14	3	3	47756
358	82	1226	-16	3	3	47770
332	29	1179	-15	1	3	47798
284	-1	1144	-13	0	3	47812
230	-53	1048	-12	-2	3	47827
225	-51	993	-12	-2	3	47841
231	-37	945	-13	-2	3	47857
225	-4	954	-13	0	3	47872
235	22	1058	-12	1	3	47901
225	48	1086	-11	2	3	47915
228	54	1081	-11	2	3	47929
217	48	1045	-11	2	3	47943
209	30	1035	-11	1	3	47960
215	14	1034	-11	0	3	47975
227	15	1045	-12	0	0	49004
224	19	1045	-12	1	0	49020
231	20	1042	-12	1	0	49034
228	20	1045	-12	1	0	49048
232	23	1042	-12	1	0	49062
235	16	1041	-12	0	0	49076
228	16	1041	-12	0	0	49118
231	23	1038	-12	1	0	49132
228	20	1038	-12	1	0	49146
228	20	1041	-12	1	0	49160
228	23	1041	-12	1	0	49174
231	20	1045	-12	1	0	49191
228	20	1038	-12	1	0	49219
228	23	1034	-12	1	0	49234
228	20	1037	-12	1	0	49248
228	20	1041	-12	1	0	49262
235	20	1045	-12	1	0	49276
229	16	1042	-12	0	0	49293
228	19	1049	-12	1	0	49322
231	20	1039	-12	1	0	49336
225	16	1038	-12	0	0	49350
228	19	1041	-12	1	0	49364
228	16	1041	-12	0	0	49378
228	16	1038	-12	0	0	49396
231	20	1042	-12	1	0	49424
232	20	1038	-12	1	0	49438
228	16	1041	-12	0	0	49452
232	23	1045	-12	1	0	49466
232	20	1045	-12	1	0	49480
228	20	1042	-12	1	0	49497
231	23	1041	-12	1	0	49525
232	16	1041	-12	0	0	49539
228	16	1041	-12	0	0	49554
232	19	1041	-12	1	0	49568
228	20	1045	-12	1	0	49582
228	20	1042	-12	1	0	49596
228	24	1041	-12	1	0	49624
228	20	1045	-12	1	0	49637
228	20	1045	-12	1	0	49651
228	20	1042	-12	1	0	49665
228	16	1041	-12	0	0	49679
231	23	1041	-12	1	0	49694
232	23	1045	-12	1	0	49723
228	20	1038	-12	1	0	49737
232	16	1041	-12	0	0	49754
228	23	1041	-12	1	0	49768
232	20	1045	-12	1	0	49782
232	20	1038	-12	1	0	49797
228	20	1042	-12	1	0	49825
232	20	1041	-12	1	0	49839
228	20	1045	-12	1	0	49853
224	20	1042	-12	1	0	49867
231	20	1041	-12	1	0	49881
228	20	1045	-12	1	0	49895
228	20	1041	-12	1	0	49924
228	20	1038	-12	1	0	49937
228	23	1038	-12	1	0	49954
231	20	1045	-12	1	0	49969
228	16	1035	-12	0	0	49983
228	19	1041	-12	1	0	49997
228	19	1041	-12	1	0	50039
224	20	1034	-12	1	0	50053
228	16	1041	-12	0	0	50067
231	19	1045	-12	1	0	50081
228	16	1042	-12	0	0	50094
232	23	1041	-12	1	0	50112
232	20	1042	-12	1	0	50140
228	23	1045	-12	1	0	50154
232	20	1045	-12	1	0	50169
228	23	1042	-12	1	0	50183
224	20	1045	-12	1	0	50198
224	23	1031	-12	1	0	50212
235	32	1030	-12	1	0	50240
250	24	1047	-13	1	0	50254
234	-5	961	-13	0	0	50268
200	14	945	-11	0	0	50282
236	19	975	-13	1	0	50296
264	2	1010	-14	0	0	50311
265	0	1111	-13	0	0	50340
274	4	1144	-13	0	0	50354
215	32	1165	-10	1	0	50368
191	39	1153	-9	1	0	50383
157	36	1109	-8	1	0	50397
140	28	1080	-7	1	0	50412
91	37	1075	-4	1	0	50441
90	64	1041	-4	3	0	50455
90	56	1024	-5	3	0	50469
101	23	1043	-5	1	0	50483
81	27	1059	-4	1	0	50497
43	20	1075	-2	1	0	50511
33	30	1070	-1	1	0	50526
36	14	1050	-1	0	0	50554
53	5	1081	-2	0	0	50568
76	-21	1098	-3	-1	0	50582
54	-2	1075	-2	0	0	50596
9	17	1130	0	0	0	50610
54	34	1139	-2	1	0	50626
49	25	1181	-2	1	0	50654
58	13	1211	-2	0	0	50668
108	26	1196	-5	1	0	50682
75	52	1131	-3	2	0	50696
78	72	1167	-3	3	0	50710
93	-35	1160	-4	-1	0	50726
-8	-32	1202	0	-1	0	50741
69	51	1199	-3	2	0	50769
7	40	1227	0	1	0	50783
-13	50	1226	0	2	0	50797
-1	-76	1212	0	-3	0	50812
25	-57	1168	-1	-2	0	50828
94	40	1171	-4	1	0	50842
69	17	1151	-3	0	0	50870
117	19	1159	-5	0	0	50884
104	5	1149	-5	0	0	50898
63	1	1158	-3	0	0	50912
17	-49	1195	0	-2	0	50927
2	-69	1209	0	-3	0	50942
23	-35	1181	-1	-1	0	50970
20	0	1151	-1	0	0	50985
27	-4	1144	-1	0	0	50999
31	-7	1133	-1	0	0	51013
35	-8	1114	-1	0	0	51031
-11	-36	1176	0	-1	0	51045
2	-39	1175	0	-1	0	51059
17	-57	1153	0	-2	0	51087
48	-66	1145	-2	-3	0	51101
72	-60	1119	-3	-3	0	51115
67	-59	1109	-3	-3	0	51131
42	-62	1126	-2	-3	0	51146
33	-70	1138	-1	-3	0	51160
66	-48	1080	-3	-2	0	51188
70	-44	1056	-3	-2	0	51202
67	-36	1061	-3	-1	0	51216
46	-39	1089	-2	-2	0	51231
58	-53	1060	-3	-2	0	51247
55	-62	1065	-2	-3	0	51261
15	-59	1080	0	-3	0	51289
40	-52	1056	-2	-2	0	51303
68	-44	1025	-3	-2	0	51317
99	-36	1015	-5	-2	0	51331
109	-18	1000	-6	-1	0	51345
106	-12	1002	-6	0	0	51359
105	-13	1003	-5	0	0	51387
85	-33	988	-4	-1	0	51401
76	-35	955	-4	-2	0	51415
75	-35	951	-4	-2	0	51429
92	-18	955	-5	-1	0	51445
119	-19	951	-7	-1	0	51459
109	-45	952	-6	-2	0	51488
89	-47	969	-5	-2	0	51503
87	-51	971	-5	-2	0	51517
111	-65	992	-6	-3	0	51531
135	-67	983	-7	-3	0	51546
169	-53	979	-9	-3	0	51560
148	-58	981	-8	-3	0	51588
142	-66	989	-8	-3	0	51602
145	-70	987	-8	-4	0	51616
138	-74	1004	-7	-4	0	51630
127	-60	995	-7	-3	0	51647
126	-52	984	-7	-3	0	51661
172	-43	975	-9	-2	0	51689
137	-54	996	-7	-3	0	51703
120	-51	998	-6	-2	0	51717
122	-55	1002	-6	-3	0	51731
132	-66	1006	-7	-3	0	51746
148	-60	999	-8	-3	0	51761
164	-63	992	-9	-3	0	51789
172	-52	1001	-9	-2	0	51805
180	-37	991	-10	-2	0	51819
184	-28	983	-10	-1	0	51833
167	-49	1000	-9	-2	0	51847
169	-54	995	-9	-3	0	51862
158	-62	1000	-8	-3	0	51890
164	-66	1002	-9	-3	0	51904
197	-70	1006	-11	-3	0	51918
218	-67	995	-12	-3	0	51932
209	-60	991	-11	-3	0	51946
194	-66	1005	-10	-3	0	51961
154	-72	1015	-8	-4	0	51989
164	-57	1000	-9	-3	0	52005
168	-48	988	-9	-2	0	52020
151	-54	990	-8	-3	0	52035
146	-62	994	-8	-3	0	52050
156	-63	994	-8	-3	0	52064
176	-44	976	-10	-2	0	52092
173	-50	982	-9	-2	0	52106
176	-58	979	-10	-3	0	52120
180	-59	993	-10	-3	0	52134
170	-59	1001	-9	-3	0	52148
169	-52	1002	-9	-2	0	52163
180	-69	994	-10	-3	0	52191
177	-78	998	-10	-4	0	52205
184	-79	1009	-10	-4	0	52219
192	-64	1003	-10	-3	0	52233
203	-31	981	-11	-1	0	52247
194	-31	989	-11	-1	0	52263
158	-46	1002	-8	-2	0	52291
171	-58	1009	-9	-3	0	52305
180	-62	1010	-10	-3	0	52319
174	-63	1028	-9	-3	0	52333
184	-56	1026	-10	-3	0	52347
199	-52	1026	-10	-2	0	52364
201	-69	1055	-10	-3	0	52393
200	-71	1053	-10	-3	0	52407
200	-57	1043	-10	-3	0	52422
200	-55	1042	-10	-2	0	52436
204	-62	1056	-10	-3	0	52450
211	-63	1053	-11	-3	0	52464
201	-48	1039	-10	-2	0	52492
208	-33	1023	-11	-1	0	52506
215	-32	1022	-11	-1	0	52520
216	-35	1011	-12	-1	0	52534
206	-28	1003	-11	-1	0	52548
227	1	834	-15	0	0	52592
221	-28	724	-16	-2	0	52606
156	-49	670	-13	-4	0	52621
51	-19	467	-6	-2	0	52635
-16	-193	291	2	-33	0	52649
73	320	-360	-8	41	0	52664
109	18	81	-52	7	0	52693
43	9	82	-27	5	0	52707
22	4	61	-19	3	0	52721
13	0	73	-9	0	0	52735
12	11	82	-8	7	0	52749
1	1	90	0	0	0	52763
4	-3	80	-2	-2	0	52778
14	14	86	-9	8	0	52806
1	-6	97	0	-3	0	52820
7	-8	95	-4	-4	0	52834
1	-11	87	0	-7	0	52848
0	-8	97	0	-4	0	52863
0	-19	109	0	-9	0	52879
0	-12	110	0	-6	0	52893
314	624	9	-26	63	0	52921
268	-37	5296	-2	0	0	52936
320	-1001	7098	-2	-8	0	52950
679	-2760	10956	-3	-14	0	52965
266	-548	4573	-3	-6	0	52981
31	66	1170	-1	3	0	53009
106	657	-74	-9	78	0	53023
67	285	95	-12	67	0	53037
109	-102	204	-25	-23	0	53051
-180	-92	127	49	-22	0	53065
-32	-23	55	28	-20	0	53082
-42	-8	74	29	-5	0	53124
-43	6	67	32	4	0	53138
3	1	92	-1	0	0	53152
-3	-14	98	1	-8	0	53166
-7	-12	88	4	-7	0	53183
-1	-1	90	0	0	3	53197
7	0	89	-4	0	3	53226
11	50	97	-5	26	3	53241
369	334	650	-26	24	3	53255
433	327	1388	-16	12	3	53270
-381	93	2420	8	2	3	53284
-668	80	3128	12	1	3	53298
-1163	645	3401	18	10	3	53312
-527	414	2015	14	11	3	53340
-293	282	1489	10	10	3	53355
-139	219	885	8	13	3	53369
-21	188	704	1	14	3	53384
-16	75	491	1	8	3	53399
-9	61	396	1	8	3	53414
-52	-46	427	6	-6	3	53443
-90	-26	495	10	-2	3	53458
-119	40	573	11	3	3	53472
-249	92	789	17	6	3	53486
-350	197	991	19	10	3	53500
-424	115	1220	19	5	3	53515
-534	92	1484	19	3	3	53543
-524	105	1457	19	3	3	53557
-388	173	1355	15	7	3	53571
-318	120	1147	15	5	3	53587
-290	111	960	16	6	3	53602
-273	110	888	16	6	3	53616
-273	120	826	18	7	3	53644
-310	122	889	19	7	3	53659
-353	122	987	19	6	3	53673
-364	118	1036	19	6	3	53688
-380	125	1083	19	6	3	53703
-385	122	1081	19	6	3	53717
-332	94	973	18	5	3	53748
-330	94	971	18	5	3	53762
-327	112	1010	17	6	3	53777
-326	110	1031	17	5	3	53792
-319	114	1040	16	5	3	53806
-311	114	1027	16	6	3	53820
-310	99	1013	16	5	3	53849
-310	98	1014	16	5	3	53864
-321	98	1017	17	5	3	53878
-322	105	1014	17	5	3	53894
-322	110	1010	17	5	3	53909
-326	110	1014	17	5	3	53923
-319	103	1014	17	5	3	53952
-315	102	1014	17	5	3	53967
-314	106	1014	17	5	3	53981
-314	106	1017	17	5	3	53996
-318	106	1014	17	5	3	54010
-318	106	1010	17	5	3	54024
-322	106	1014	17	5	3	54053
-322	106	1014	17	5	3	54067
-322	106	1014	17	5	3	54081
-322	106	1014	17	5	3	54095
-319	106	1014	17	5	3	54110
-322	99	1014	17	5	3	54125
-318	106	1010	17	5	3	54153
-325	103	1014	17	5	3	54167
-326	106	1010	17	5	3	54181
-316	110	1017	17	5	3	54196
-322	106	1011	17	5	0	55211
-319	106	1017	17	5	0	55228
-322	106	1010	17	5	0	55256
-322	106	1014	17	5	0	55270
-322	103	1014	17	5	0	55284
-322	102	1014	17	5	0	55298
-322	102	1014	17	5	0	55312
-319	106	1014	17	5	0	55327
-318	106	1015	17	5	0	55356
-322	106	1018	17	5	0	55370
-319	110	1014	17	5	0	55384
-322	103	1010	17	5	0	55398
-319	109	1017	17	5	0	55412
-318	106	1018	17	5	0	55426
-319	106	1018	17	5	0	55455
-318	106	1011	17	5	0	55469
-318	106	1010	17	5	0	55483
-322	103	1014	17	5	0	55497
-319	102	1014	17	5	0	55511
-322	109	1014	17	5	0	55526
-322	110	1014	17	5	0	55555
-319	103	1010	17	5	0	55569
-318	102	1010	17	5	0	55583
-318	106	1014	17	5	0	55597
-318	99	1010	17	5	0	55611
-322	106	1014	17	5	0	55656
-322	103	1014	17	5	0	55670
-322	102	1014	17	5	0	55684
-319	106	1014	17	5	0	55699
-322	103	1014	17	5	0	55713
-318	110	1014	17	5	0	55741
-318	103	1010	17	5	0	55755
-322	102	1010	17	5	0	55769
-319	102	1014	17	5	0	55784
-325	102	1014	17	5	0	55798
-316	106	1014	17	5	0	55812
-319	110	1014	17	5	0	55841
-318	110	1010	17	5	0	55855
-322	110	1010	17	5	0	55869
-322	114	1010	17	6	0	55885
-315	117	1014	17	6	0	55900
-322	114	1014	17	6	0	55914
-322	103	1011	17	5	0	55943
-319	102	1017	17	5	0	55957
-322	99	1014	17	5	0	55971
-319	98	1010	17	5	0	55985
-322	98	1010	17	5	0	55998
-322	105	1010	17	5	0	56012
