4	26	1016	0	1	0	17
7	10	1060	0	0	0	32
4	8	1068	0	0	0	46
-3	8	1065	0	0	0	60
0	11	1069	0	0	0	74
14	12	1065	0	0	0	88
19	15	1065	-1	0	0	102
19	23	1073	-1	1	0	130
20	24	1069	-1	1	0	146
23	20	1073	-1	1	0	161
27	20	1076	-1	1	0	175
31	16	1073	-1	0	0	189
28	16	1069	-1	0	0	203
13	19	1062	0	1	0	217
16	24	1071	0	1	0	248
9	27	1073	0	1	0	262
15	17	1066	0	0	0	276
23	19	1069	-1	1	0	290
23	20	1072	-1	1	0	305
20	23	1069	-1	1	0	4
23	20	1019	-1	1	0	18
31	23	1058	-1	1	0	47
10	20	1064	0	1	0	61
1	16	1068	0	0	0	75
-3	19	1069	0	1	0	92
0	23	1065	0	1	0	106
0	31	1065	0	1	0	120
7	24	1061	0	1	0	137
16	20	1076	0	1	0	180
19	13	1070	-1	0	0	194
9	22	1062	0	1	0	208
8	23	1068	0	1	0	222
1	24	1062	0	1	0	237
0	24	1061	0	1	0	252
7	20	1068	0	1	0	266
19	27	1069	-1	1	0	295
16	27	1073	0	1	0	309
12	24	1069	0	1	0	323
12	24	1062	0	1	0	338
8	24	1068	0	1	0	353
8	20	1069	0	1	0	367
8	23	1069	0	1	0	381
15	24	1069	0	1	0	412
12	27	1065	0	1	0	426
8	20	1065	0	1	0	441
15	30	1065	0	1	0	455
12	21	1065	0	1	0	469
8	13	1065	0	0	0	483
1	19	1065	0	1	0	497
4	23	1065	0	1	0	525
7	24	1065	0	1	0	539
11	20	1069	0	1	0	554
8	20	1062	0	1	0	568
8	16	1068	0	0	0	582
8	19	1069	0	1	0	596
11	23	1062	0	1	0	610
8	24	1065	0	1	0	640
4	17	1065	0	0	0	655
4	16	1065	0	0	0	669
7	19	1069	0	1	0	683
4	23	1065	0	1	0	697
11	20	1072	0	1	0	711
8	20	1066	0	1	0	725
11	23	1066	0	1	0	756
8	20	1065	0	1	0	770
8	23	1065	0	1	0	784
4	20	1069	0	1	0	798
8	20	1065	0	1	0	812
8	16	1065	0	0	0	826
11	19	1065	0	1	0	840
4	24	1061	0	1	0	885
8	24	1068	0	1	0	899
4	20	1065	0	1	0	914
11	20	1065	0	1	0	928
8	23	1061	0	1	0	942
8	24	1061	0	1	0	959
4	17	1068	0	0	0	973
7	24	1069	0	1	0	1001
8	16	1069	0	0	0	1015
4	23	1062	0	1	0	1029
4	24	1068	0	1	0	1043
4	16	1069	0	0	0	1058
7	23	1065	0	1	0	1073
11	24	1065	0	1	0	1087
4	20	1065	0	1	0	1115
7	16	1065	0	0	0	1129
8	19	1065	0	1	0	1143
4	20	1065	0	1	0	1158
8	23	1069	0	1	0	1173
8	20	1069	0	1	0	1188
4	16	1065	0	0	0	1202
7	20	1069	0	1	0	1230
8	23	1065	0	1	0	1244
4	27	1069	0	1	0	1260
8	20	1069	0	1	0	1275
11	20	1062	0	1	0	1289
5	20	1068	0	1	0	1303
8	20	1065	0	1	0	1317
8	20	1072	0	1	0	1345
8	20	1066	0	1	0	1359
8	23	1065	0	1	0	1374
8	24	1069	0	1	0	1388
8	24	1069	0	1	0	1403
8	24	1062	0	1	0	1417
4	24	1065	0	1	0	1432
7	20	1072	0	1	0	1460
11	20	1069	0	1	0	1475
5	16	1065	0	0	0	1489
4	19	1072	0	1	0	1503
18	23	1083	0	1	0	1517
12	24	1081	0	1	0	1531
5	24	1063	0	1	0	1544
0	16	1069	0	0	0	1575
0	16	1058	0	0	0	1589
0	19	1054	0	1	0	1604
11	27	1057	0	1	0	1619
12	24	1071	0	1	0	1634
22	27	1073	-1	1	0	1648
5	19	1065	0	1	0	1691
0	16	1065	0	0	0	1705
4	23	1072	0	1	0	1719
0	20	1069	0	1	0	1733
4	23	1065	0	1	0	1747
0	24	1065	0	1	0	1761
4	20	1069	0	1	0	1793
0	20	1069	0	1	0	1807
4	16	1062	0	0	0	1821
4	19	1068	0	1	0	1836
7	16	1065	0	0	0	1850
15	19	1065	0	1	0	1864
16	16	1069	0	0	0	1878
15	16	1061	0	0	0	1906
9	19	1058	0	1	0	1920
8	20	1050	0	1	0	1934
8	20	1060	0	1	0	1948
4	16	1057	0	0	0	1962
8	16	1057	0	0	0	1978
15	19	1061	0	1	0	1993
27	27	1079	-1	1	0	2021
24	31	1084	-1	1	0	2036
6	35	1085	0	1	0	2050
4	35	1088	0	1	0	2064
0	28	1081	0	1	0	2079
-3	21	1063	0	1	0	2093
-7	20	1054	0	1	0	2107
-4	19	1069	0	1	0	2135
-4	30	1072	0	1	0	2149
-4	31	1080	0	1	0	2163
-4	24	1084	0	1	0	2177
-4	20	1085	0	1	0	2192
-7	16	1078	0	0	0	2206
-4	16	1084	0	0	0	2220
0	34	1092	0	1	0	2248
0	28	1092	0	1	0	2262
-7	24	1096	0	1	0	2277
-15	13	1118	0	0	0	2292
-23	8	1127	1	0	0	2306
1	8	1128	0	0	0	2320
18	11	1135	0	0	0	2334
44	24	1122	-2	1	0	2362
54	13	1120	-2	0	0	2376
27	23	1088	-1	1	0	2393
20	59	1025	-1	3	0	2407
-19	31	1089	1	1	0	2421
-34	35	1096	1	1	0	2435
-39	64	1015	2	3	0	2449
-52	10	1072	2	0	0	2477
-23	5	1020	1	0	0	2495
-24	-10	1025	1	0	0	2509
-20	-36	1029	1	-2	0	2523
-2	-32	1054	0	-1	0	2537
-18	-14	1039	0	0	0	2552
9	19	1023	0	1	0	2598
4	9	1040	0	0	0	2612
-14	8	1059	0	0	0	2626
-19	11	1064	1	0	0	2640
-16	8	1051	0	0	0	2655
-51	-3	1053	2	0	0	2669
-19	23	1045	1	1	0	2699
-23	9	1067	1	0	0	2713
-24	12	1065	1	0	0	2727
1	15	1037	0	0	0	2741
14	9	1041	0	0	0	2755
33	8	1045	-1	0	0	2769
28	4	1052	-1	0	0	2783
8	-15	1065	0	0	0	2813
4	-5	1072	0	0	0	2827
-3	-4	1073	0	0	0	2841
-4	0	1062	0	0	0	2856
-4	0	1061	0	0	0	2870
3	4	1058	0	0	0	2884
11	0	1054	0	0	0	2900
20	-4	1073	-1	0	0	2928
16	7	1069	0	0	0	2942
5	8	1073	0	0	0	2956
4	11	1087	0	0	0	2970
0	15	1081	0	0	0	2984
-3	16	1081	0	0	0	2999
3	23	1070	0	1	0	3014
-3	34	1069	0	1	0	3042
7	35	1058	0	1	0	3056
18	25	1061	0	1	0	3070
9	17	1072	0	0	0	3084
-10	2	1080	0	0	0	3098
-12	4	1084	0	0	0	3113
-5	7	1060	0	0	0	3127
4	8	1035	0	0	0	3156
-3	1	1066	0	0	0	3171
-11	0	1076	0	0	0	3185
-1	7	1052	0	0	0	3199
7	11	1032	0	0	0	3213
15	12	1037	0	0	0	3227
5	8	1045	0	0	0	3241
4	0	1042	0	0	0	3270
0	0	1041	0	0	0	3284
11	4	1038	0	0	0	3298
40	0	1038	-2	0	0	3315
39	0	1038	-2	0	0	3329
11	0	1052	0	0	0	3343
5	0	1057	0	0	0	3357
-3	4	1072	0	0	0	3386
-4	7	1080	0	0	0	3401
0	11	1081	0	0	0	3415
0	26	1081	0	1	0	3429
7	31	1074	0	1	0	3443
-3	28	1091	0	1	0	3458
-11	31	1085	0	1	0	3472
-5	24	1066	0	1	0	3501
-1	13	1065	0	0	0	3518
7	12	1058	0	0	0	3532
8	8	1050	0	0	0	3546
8	4	1053	0	0	0	3560
29	-3	1050	-1	0	0	3575
45	-4	1035	-2	0	0	3589
25	15	978	-1	0	0	3620
73	12	940	-4	0	0	3634
121	1	893	-7	0	0	3648
143	-67	765	-10	-4	0	3662
110	-116	713	-8	-9	0	3677
-60	-22	117	26	-9	0	3691
-24	-94	266	4	-19	0	3705
169	250	302	-23	35	0	3737
187	46	1413	-7	1	0	3751
-399	8	1496	14	0	0	3765
-316	-42	2229	8	-1	0	3779
-357	-68	2607	7	-1	0	3793
-287	-39	2609	6	0	0	3807
-1	82	1552	0	3	0	3836
10	58	1230	0	2	0	3850
72	55	855	-4	3	0	3864
106	41	758	-7	3	0	3881
74	15	606	-6	1	0	3895
43	19	545	-4	2	0	3909
4	2	631	0	0	0	3923
7	25	943	0	1	0	3951
36	27	1049	-1	1	0	3966
96	31	1219	-4	1	0	3979
116	38	1268	-5	1	0	3993
164	29	1294	-7	1	0	4007
176	28	1251	-7	1	0	4022
131	13	1168	-6	0	0	4036
69	11	995	-3	0	0	4065
71	12	991	-4	0	0	4081
67	12	1019	-3	0	0	4096
49	22	1082	-2	1	0	4110
40	27	1102	-2	1	0	4124
36	27	1086	-1	1	0	4139
32	24	1067	-1	1	0	4153
39	17	1046	-2	0	0	4181
53	19	1067	-2	1	0	4195
58	20	1072	-3	1	0	4209
70	20	1069	-3	1	0	4223
67	23	1058	-3	1	0	4238
67	20	1064	-3	1	0	4252
63	20	1069	-3	1	0	4280
52	23	1065	-2	1	0	4295
48	20	1062	-2	1	0	4309
47	23	1061	-2	1	0	4323
47	20	1065	-2	1	0	4338
51	20	1069	-2	1	0	4352
55	23	1062	-2	1	0	4366
63	20	1065	-3	1	0	4394
59	20	1069	-3	1	0	4408
59	23	1065	-3	1	0	4422
52	20	1072	-2	1	0	4438
51	23	1066	-2	1	0	4452
51	24	1065	-2	1	0	4466
51	20	1062	-2	1	0	4480
62	20	1069	-3	1	0	4508
59	20	1069	-3	1	0	4522
63	23	1069	-3	1	0	4538
59	16	1065	-3	0	0	4552
55	19	1065	-2	1	0	4567
48	20	1069	-2	1	0	4581
54	20	1069	-2	1	0	4596
58	20	1065	-3	1	0	4624
59	20	1069	-3	1	0	4639
59	23	1069	-3	1	0	4653
59	24	1069	-3	1	0	4667
59	20	1065	-3	1	0	4681
59	23	1065	-3	1	0	4695
55	16	1065	-2	0	0	4723
55	23	1069	-2	1	0	4737
59	24	1069	-3	1	0	4752
59	24	1062	-3	1	0	4766
55	24	1068	-2	1	0	4780
62	24	1065	-3	1	0	4796
59	20	1065	-3	1	0	4811
52	20	1065	-2	1	0	4839
55	23	1062	-2	1	0	4853
59	24	1061	-3	1	0	4866
52	27	1065	-2	1	0	4880
55	20	1069	-2	1	0	4894
59	23	1069	-3	1	0	4908
59	20	1065	-3	1	0	4922
59	20	1069	-3	1	0	4953
55	16	1065	-2	0	0	4967
52	16	1076	-2	0	0	4981
51	23	1073	-2	1	0	4995
51	24	1059	-2	1	0	5009
55	20	1064	-2	1	0	5023
55	20	1065	-2	1	0	5037
62	27	1051	-3	1	0	5068
59	27	1053	-3	1	0	5082
52	24	1053	-2	1	0	5097
62	20	1057	-3	1	0	5112
66	13	1082	-3	0	0	5126
60	26	1088	-3	1	0	5140
48	24	1080	-2	1	0	5182
61	31	1102	-3	1	0	5196
63	28	1086	-3	1	0	5210
63	24	1039	-3	1	0	5224
56	27	1045	-3	1	0	5238
44	20	1081	-2	1	0	5253
29	20	1108	-1	1	0	5282
35	16	1101	-1	0	0	5295
53	2	1072	-2	0	0	5312
44	0	1073	-2	0	0	5326
26	0	1119	-1	0	0	5341
27	28	1134	-1	1	0	5356
77	-4	1114	-3	0	0	5370
77	-15	1142	-3	0	0	5399
57	2	1126	-2	0	0	5413
80	0	1099	-4	0	0	5427
75	-7	1111	-3	0	0	5441
46	-22	1137	-2	-1	0	5456
8	69	1030	0	3	0	5471
-13	21	1107	0	1	0	5485
-7	49	1065	0	2	0	5516
42	-2	1065	-2	0	0	5530
15	-7	1069	0	0	0	5544
-6	-8	1069	0	0	0	5559
3	-43	1072	0	-2	0	5573
11	-61	1062	0	-3	0	5587
4	-21	1061	0	-1	0	5615
39	-27	1047	-2	-1	0	5629
22	4	971	-1	0	0	5643
38	-7	1017	-2	0	0	5658
32	-15	1081	-1	0	0	5673
32	-5	1088	-1	0	0	5687
21	3	1071	-1	0	0	5701
49	19	1075	-2	1	0	5729
44	27	1084	-2	1	0	5743
57	27	1085	-3	1	0	5758
66	24	1081	-3	1	0	5773
56	6	1081	-2	0	0	5787
52	1	1074	-2	0	0	5801
23	-3	1098	-1	0	0	5815
45	0	1060	-2	0	0	5844
36	3	1054	-1	0	0	5859
46	11	1043	-2	0	0	5873
36	5	1056	-1	0	0	5887
25	0	1068	-1	0	0	5901
2	-18	1072	0	0	0	5915
20	-24	1061	-1	-1	0	5957
41	-2	1036	-2	0	0	5972
43	-4	1048	-2	0	0	5987
50	0	1042	-2	0	0	6001
62	3	1027	-3	0	0	6015
49	0	1044	-2	0	0	6030
28	-7	1064	-1	0	0	6058
28	-15	1061	-1	0	0	6073
38	-5	1047	-2	0	0	6087
39	-1	1046	-2	0	0	6101
53	3	1028	-2	0	0	6115
55	7	1022	-3	0	0	6129
51	4	1032	-2	0	0	6143
20	-18	1056	-1	0	0	6172
16	-44	1064	0	-2	0	6186
23	-50	1061	-1	-2	0	6201
34	-30	1033	-1	-1	0	6214
46	-10	1019	-2	0	0	6229
47	-12	1007	-2	0	0	6243
23	0	1013	-1	0	0	6271
2	0	1021	0	0	0	6286
-25	-28	1043	1	-1	0	6300
-17	-35	1045	0	-1	0	6315
-5	-21	1031	0	-1	0	6329
3	-6	1026	0	0	0	6344
7	3	1036	0	0	0	6359
20	0	1045	-1	0	0	6387
6	-3	1042	0	0	0	6401
4	-4	1034	0	0	0	6415
7	-22	1055	0	-1	0	6429
18	-23	1053	-1	-1	0	6443
37	-31	1060	-2	-1	0	6457
57	-9	1057	-3	0	0	6489
76	-8	1054	-4	0	0	6503
71	-4	1057	-3	0	0	6517
67	-4	1068	-3	0	0	6531
67	3	1058	-3	0	0	6546
74	7	1040	-4	0	0	6560
75	15	1024	-4	0	0	6574
59	23	928	-3	1	0	6603
98	6	853	-6	0	0	6617
81	-102	772	-5	-7	0	6631
72	-152	753	-5	-11	0	6645
43	176	-250	-7	34	0	6659
33	-78	134	-11	-29	0	6673
39	-50	91	-20	-26	0	6688
-4	-9	84	2	-6	0	6717
3	-15	104	-1	-8	0	6731
0	-9	95	0	-5	0	6745
1567	-531	2411	-32	-10	0	6759
617	-276	2427	-14	-6	0	6773
-257	107	3111	4	1	0	6787
-641	192	3466	10	3	0	6816
-407	235	2822	8	4	0	6830
-55	137	1718	1	4	0	6846
62	42	1240	-2	1	0	6861
187	15	771	-13	1	0	6875
196	16	601	-18	1	0	6889
55	-7	265	-11	-1	0	6917
115	-15	345	-18	-2	0	6931
47	-23	424	-6	-3	0	6945
8	-16	538	0	-1	0	6959
-3	-9	793	0	0	0	6973
-11	-1	935	0	0	0	6987
59	-7	1179	-2	0	0	7002
310	22	1416	-12	0	0	7031
371	-1	1440	-14	0	0	7045
316	28	1329	-13	1	0	7059
254	21	1222	-11	0	0	7073
202	16	1045	-10	0	0	7087
179	16	975	-10	0	0	7104
135	11	916	-8	0	0	7132
144	8	1001	-8	0	0	7146
145	8	1059	-7	0	0	7160
131	8	1110	-6	0	0	7174
144	15	1119	-7	0	0	7188
131	9	1081	-6	0	0	7205
112	15	1063	-6	0	0	7220
109	12	1041	-5	0	0	7249
124	12	1063	-6	0	0	7263
122	12	1068	-6	0	0	7277
136	8	1062	-7	0	0	7291
144	11	1058	-7	0	0	7308
149	8	1050	-8	0	0	7322
146	8	1056	-7	0	0	7336
138	8	1058	-7	0	0	7365
131	11	1054	-7	0	0	7379
126	12	1057	-6	0	0	7393
126	12	1064	-6	0	0	7407
129	12	1065	-6	0	0	7421
130	12	1065	-6	0	0	7435
141	11	1054	-7	0	0	7463
141	12	1057	-7	0	0	7477
145	12	1061	-7	0	0	7491
138	19	1058	-7	1	0	7507
134	16	1054	-7	0	0	7521
134	16	1057	-7	0	0	7536
134	12	1057	-7	0	0	7549
133	12	1054	-7	0	0	7578
137	8	1060	-7	0	0	7592
138	11	1057	-7	0	0	7606
138	12	1057	-7	0	0	7621
134	12	1061	-7	0	0	7635
134	12	1061	-7	0	0	7649
133	11	1058	-7	0	0	7678
130	8	1057	-7	0	0	7692
133	8	1057	-7	0	0	7706
137	11	1050	-7	0	0	7721
134	12	1060	-7	0	0	7735
137	12	1061	-7	0	0	7749
145	8	1054	-7	0	0	7763
133	11	1056	-7	0	0	7791
137	12	1061	-7	0	0	7806
130	12	1065	-6	0	0	7821
133	8	1058	-7	0	0	7835
130	8	1057	-7	0	0	7849
137	8	1061	-7	0	0	7863
141	11	1058	-7	0	0	7878
155	19	1029	-8	1	0	7906
175	23	980	-10	1	0	7921
113	-15	1049	-6	0	0	7935
146	20	1095	-7	1	0	7949
202	41	1033	-11	2	0	7963
225	25	998	-12	1	0	7977
141	-10	1032	-7	0	0	8005
156	13	1072	-8	0	0	8020
136	19	1101	-7	0	0	8035
109	37	1125	-5	1	0	8049
110	32	1124	-5	1	0	8063
110	28	1110	-5	1	0	8078
99	28	1087	-5	1	0	8091
54	30	1070	-2	1	0	8121
23	38	1044	-1	2	0	8136
6	50	1045	0	2	0	8150
-14	51	1049	0	2	0	8165
-19	48	1049	1	2	0	8180
33	26	1042	-1	1	0	8196
-33	16	1111	1	0	0	8238
11	37	1123	0	1	0	8252
-17	53	1096	0	2	0	8266
-44	44	1036	2	2	0	8280
-11	36	1020	0	2	0	8294
17	21	1018	0	1	0	8308
71	2	1057	-3	0	0	8337
85	4	1075	-4	0	0	8351
69	-3	1101	-3	0	0	8365
42	0	1143	-2	0	0	8379
47	4	1140	-2	0	0	8393
33	22	1111	-1	1	0	8407
7	23	1105	0	1	0	8422
3	22	1133	0	1	0	8451
29	62	1075	-1	3	0	8465
56	66	1059	-3	3	0	8479
48	35	1082	-2	1	0	8493
40	14	1095	-2	0	0	8507
54	-2	1128	-2	0	0	8521
30	-11	1163	-1	0	0	8538
86	-35	1131	-4	-1	0	8566
76	-28	1107	-3	-1	0	8580
71	1	1119	-3	0	0	8594
71	14	1127	-3	0	0	8608
28	12	1085	-1	0	0	8622
24	-20	1120	-1	-1	0	8639
36	-85	1129	-1	-4	0	8667
18	-51	1121	0	-2	0	8681
30	-79	1131	-1	-4	0	8695
28	-57	1103	-1	-2	0	8709
38	-59	1034	-2	-3	0	8723
39	-20	1023	-2	-1	0	8740
43	-27	1071	-2	-1	0	8755
1	-31	1093	0	-1	0	8783
4	-24	1078	0	-1	0	8797
22	-20	1063	-1	-1	0	8811
38	-6	1054	-2	0	0	8825
57	3	1067	-3	0	0	8841
62	4	1072	-3	0	0	8856
78	11	1039	-4	0	0	8885
68	12	1045	-3	0	0	8899
49	12	1077	-2	0	0	8913
26	5	1084	-1	0	0	8927
3	4	1074	0	0	0	8942
0	0	1077	0	0	0	8956
7	7	1073	0	0	0	8970
40	9	1043	-2	0	0	8998
43	1	1045	-2	0	0	9012
33	-14	1038	-1	0	0	9026
42	-5	1027	-2	0	0	9041
29	-15	1047	-1	0	0	9056
24	-26	1060	-1	-1	0	9070
38	-24	1033	-2	-1	0	9084
32	-20	1037	-1	-1	0	9112
35	-6	1030	-1	0	0	9127
49	-4	1023	-2	0	0	9142
54	-4	1025	-3	0	0	9157
48	0	1019	-2	0	0	9171
37	0	1018	-2	0	0	9185
1	-16	1049	0	0	0	9216
18	5	1021	-1	0	0	9231
37	8	1018	-2	0	0	9246
32	1	1039	-1	0	0	9260
17	-3	1059	0	0	0	9274
12	-4	1047	0	0	0	9288
26	0	1031	-1	0	0	9302
36	0	1029	-2	0	0	9330
32	-11	1051	-1	0	0	9344
49	-5	1032	-2	0	0	9360
54	3	1023	-3	0	0	9374
58	4	1022	-3	0	0	9388
45	-3	1029	-2	0	0	9402
4	-32	1051	0	-1	0	9416
25	-29	1039	-1	-1	0	9444
27	-28	1038	-1	-1	0	9460
31	-17	1052	-1	0	0	9474
42	-12	1050	-2	0	0	9488
43	-8	1056	-2	0	0	9502
43	-8	1054	-2	0	0	9517
47	-11	1061	-2	0	0	9545
44	-12	1065	-2	0	0	9559
33	-19	1069	-1	-1	0	9573
35	-12	1065	-1	0	0	9587
32	-5	1065	-1	0	0	9601
39	-11	1058	-2	0	0	9615
66	-8	1057	-3	0	0	9658
70	-11	1057	-3	0	0	9673
46	-29	1075	-2	-1	0	9687
40	-28	1073	-2	-1	0	9701
43	-31	1059	-2	-1	0	9715
50	-24	1054	-2	-1	0	9729
55	-35	1064	-2	-1	0	9759
51	-42	1072	-2	-2	0	9774
58	-43	1066	-3	-2	0	9788
55	-47	1065	-2	-2	0	9803
52	-47	1058	-2	-2	0	9818
55	-26	1054	-2	-1	0	9832
30	-13	1061	-1	0	0	9861
24	-12	1054	-1	0	0	9875
24	-8	1057	-1	0	0	9889
17	-8	1057	0	0	0	9903
9	-18	1061	0	-1	0	9917
11	-20	1054	0	-1	0	9931
22	-16	1057	-1	0	0	9945
46	-4	1050	-2	0	0	9974
47	-7	1064	-2	0	0	9989
47	-4	1068	-2	0	0	10003
51	-11	1055	-2	0	0	10017
51	-15	1064	-2	0	0	10032
51	-23	1061	-2	-1	0	10046
44	-24	1075	-2	-1	0	10075
36	-17	1091	-1	0	0	10089
28	-12	1092	-1	0	0	10103
52	-1	1068	-2	0	0	10117
83	10	1044	-4	0	0	10132
79	15	1024	-4	0	0	10146
3	30	989	0	1	0	10175
-17	17	965	1	1	0	10189
-5	5	853	0	0	0	10203
-1	1	764	0	0	0	10217
-11	-71	678	0	-5	0	10231
162	-145	471	-18	-16	0	10245
41	67	-133	-15	25	3	10259
36	8	60	-31	6	3	10291
39	36	38	-36	33	3	10305
11	11	75	-8	8	3	10319
8	15	57	-7	14	3	10335
15	-9	76	-11	-6	3	10349
-2	-1	85	1	0	3	10363
356	1078	671	-15	54	3	10392
-194	129	3289	3	2	3	10406
-30	-231	4411	0	-3	3	10420
-378	-175	4724	4	-2	3	10434
-229	117	3910	3	1	3	10448
23	72	2156	0	1	3	10463
80	50	1400	-3	2	3	10478
207	42	498	-22	4	3	10507
3	68	159	0	23	3	10521
85	88	97	-32	34	3	10536
108	-9	144	-36	-2	3	10550
81	10	124	-33	3	3	10564
29	12	288	-5	2	3	10580
59	17	813	-4	1	3	10609
48	2	1019	-2	0	3	10624
146	25	1319	-6	1	3	10639
191	52	1437	-7	2	3	10653
422	83	1640	-14	2	3	10668
414	58	1639	-14	1	3	10682
334	36	1289	-14	1	3	10710
267	7	1066	-14	0	3	10724
214	-6	966	-12	0	3	10739
138	6	839	-9	0	3	10753
145	8	820	-10	0	3	10767
142	11	860	-9	0	3	10783
163	12	935	-9	0	3	10798
216	11	1129	-10	0	3	10827
202	15	1146	-10	0	3	10841
197	26	1116	-10	1	3	10855
165	31	1081	-8	1	3	10869
137	21	1028	-7	1	3	10884
145	16	1029	-7	0	3	10900
164	16	1070	-8	0	3	10928
168	16	1066	-8	0	3	10942
180	16	1054	-9	0	3	10957
184	16	1050	-9	0	3	10972
188	12	1060	-10	0	3	10988
189	15	1054	-10	0	3	11003
177	12	1053	-9	0	3	11031
170	15	1053	-9	0	3	11046
166	16	1053	-8	0	3	11060
169	16	1050	-9	0	3	11074
169	19	1049	-9	1	3	11090
173	16	1049	-9	0	3	11105
176	16	1049	-9	0	3	11119
181	16	1050	-9	0	3	11149
177	16	1049	-9	0	3	11163
173	19	1046	-9	1	3	11178
173	16	1056	-9	0	3	11193
169	16	1054	-9	0	3	11207
173	16	1057	-9	0	3	11221
176	19	1053	-9	1	3	11250
177	16	1057	-9	0	0	12264
173	19	1050	-9	1	0	12280
176	20	1049	-9	1	0	12295
173	16	1053	-9	0	0	12309
173	19	1057	-9	1	0	12323
173	16	1057	-9	0	0	12351
176	16	1057	-9	0	0	12365
177	16	1054	-9	0	0	12379
173	16	1053	-9	0	0	12393
173	16	1050	-9	0	0	12407
169	16	1049	-9	0	0	12423
173	12	1049	-9	0	0	12438
173	12	1050	-9	0	0	12466
169	19	1053	-9	1	0	12480
173	16	1050	-9	0	0	12494
180	19	1053	-9	1	0	12508
170	16	1053	-9	0	0	12523
169	16	1050	-9	0	0	12538
169	16	1057	-9	0	0	12566
176	16	1050	-9	0	0	12580
173	12	1053	-9	0	0	12595
173	15	1057	-9	0	0	12609
169	16	1057	-9	0	0	12623
173	16	1054	-9	0	0	12638
176	19	1053	-9	1	0	12666
177	20	1046	-9	1	0	12679
173	16	1053	-9	0	0	12693
173	16	1053	-9	0	0	12707
180	16	1050	-9	0	0	12722
174	16	1049	-9	0	0	12737
169	16	1053	-9	0	0	12779
176	16	1046	-9	0	0	12793
184	19	1038	-10	1	0	12807
185	27	1031	-10	1	0	12821
185	24	1030	-10	1	0	12838
171	9	1030	-9	0	0	12852
197	5	1065	-10	0	0	12880
200	4	1079	-10	0	0	12894
193	0	1077	-10	0	0	12908
189	4	1087	-9	0	0	12922
157	11	1085	-8	0	0	12940
139	8	1081	-7	0	0	12955
118	8	1062	-6	0	0	12983
90	15	1068	-4	0	0	12997
87	26	1069	-4	1	0	13011
76	31	1048	-4	1	0	13025
78	31	1039	-4	1	0	13042
110	21	1045	-6	1	0	13056
131	16	1049	-7	0	0	13070
157	20	1062	-8	1	0	13099
143	9	1047	-7	0	0	13113
135	8	1038	-7	0	0	13127
120	11	1052	-6	0	0	13141
115	12	1057	-6	0	0	13155
107	19	1047	-5	1	0	13169
129	15	1075	-6	0	0	13197
112	12	1066	-5	0	0	13211
103	15	1051	-5	0	0	13225
120	9	1046	-6	0	0	13240
125	8	1056	-6	0	0	13255
136	22	1078	-7	1	0	13269
130	-1	1103	-6	0	0	13298
144	42	1104	-7	2	0	13313
138	36	1101	-7	1	0	13327
131	21	1104	-6	1	0	13341
137	9	1118	-6	0	0	13355
127	4	1120	-6	0	0	13369
91	0	1124	-4	0	0	13383
115	3	1090	-6	0	0	13411
139	0	1110	-7	0	0	13426
134	32	1080	-7	1	0	13440
134	42	1081	-7	2	0	13455
127	25	1120	-6	1	0	13469
90	31	1099	-4	1	0	13483
59	-15	1168	-2	0	0	13511
98	-16	1185	-4	0	0	13525
127	2	1151	-6	0	0	13539
115	4	1155	-5	0	0	13555
107	11	1120	-5	0	0	13570
127	12	1092	-6	0	0	13584
105	-86	1162	-5	-4	0	13612
106	-47	1121	-5	-2	0	13627
127	-44	1113	-6	-2	0	13641
172	-40	1038	-9	-2	0	13655
166	-36	1020	-9	-1	0	13669
147	-25	1018	-8	-1	0	13683
125	-25	1031	-6	-1	0	13711
122	-13	1016	-6	0	0	13725
101	-23	1028	-5	-1	0	13739
24	-20	1033	-1	-1	0	13754
13	-23	1044	0	-1	0	13771
1	-38	1052	0	-2	0	13785
-1	-61	1050	0	-3	0	13813
21	-52	1035	-1	-2	0	13827
48	-30	1016	-2	-1	0	13842
54	-31	1025	-3	-1	0	13856
66	-24	1026	-3	-1	0	13873
70	-34	1033	-3	-1	0	13887
92	-32	1026	-5	-1	0	13901
98	-24	1040	-5	-1	0	13930
109	-20	1031	-6	-1	0	13944
121	-16	1019	-6	0	0	13958
111	-19	1018	-6	-1	0	13972
78	-41	1053	-4	-2	0	13986
86	-39	1050	-4	-2	0	14000
95	-39	1034	-5	-2	0	14028
101	-39	1023	-5	-2	0	14042
102	-43	1022	-5	-2	0	14057
74	-47	1032	-4	-2	0	14072
71	-44	1026	-3	-2	0	14086
78	-43	1019	-4	-2	0	14100
72	-32	1015	-4	-1	0	14128
71	-24	1028	-3	-1	0	14142
53	-27	1044	-2	-1	0	14156
55	-27	1024	-3	-1	0	14170
59	-38	1018	-3	-2	0	14185
66	-14	1018	-3	0	0	14200
100	-1	1025	-5	0	0	14228
95	0	1033	-5	0	0	14243
98	-4	1034	-5	0	0	14257
95	-4	1034	-5	0	0	14271
66	-15	1062	-3	0	0	14288
53	-30	1079	-2	-1	0	14303
85	-39	1061	-4	-2	0	14331
79	-25	1072	-4	-1	0	14345
89	-17	1062	-4	0	0	14359
108	-19	1061	-5	-1	0	14375
103	-23	1068	-5	-1	0	14389
106	-24	1051	-5	-1	0	14403
84	-42	1082	-4	-2	0	14432
93	-25	1067	-5	-1	0	14446
105	-10	1055	-5	0	0	14460
99	-15	1064	-5	0	0	14474
84	-19	1061	-4	-1	0	14488
83	-27	1058	-4	-1	0	14502
94	-13	1054	-5	0	0	14530
98	-15	1046	-5	0	0	14544
95	-26	1056	-5	-1	0	14558
84	-31	1071	-4	-1	0	14573
69	-35	1066	-3	-1	0	14588
67	-28	1054	-3	-1	0	14602
67	-9	1057	-3	0	0	14631
63	-4	1057	-3	0	0	14645
66	-4	1064	-3	0	0	14659
67	-4	1054	-3	0	0	14674
67	-11	1043	-3	0	0	14688
70	-12	1056	-3	0	0	14702
70	-15	1057	-3	0	0	14730
74	-12	1050	-4	0	0	14744
75	-12	1049	-4	0	0	14758
71	-19	1060	-3	-1	0	14774
71	-20	1065	-3	-1	0	14789
57	-27	1072	-3	-1	0	14803
88	-6	1047	-4	0	0	14831
83	-1	1049	-4	0	0	14845
97	-4	1053	-5	0	0	14859
95	-4	1053	-5	0	0	14873
73	-7	1053	-3	0	0	14888
71	-15	1039	-3	0	0	14902
74	-26	1055	-4	-1	0	14916
53	-31	1077	-2	-1	0	14945
69	-28	1066	-3	-1	0	14959
88	-20	1051	-4	-1	0	14973
83	-20	1042	-4	-1	0	14987
83	-20	1045	-4	-1	0	15001
72	-27	1042	-3	-1	0	15015
52	-32	1054	-2	-1	0	15043
69	-24	1039	-3	-1	0	15057
53	-13	1048	-2	0	0	15071
58	-5	1049	-3	0	0	15088
80	-25	1049	-4	-1	0	15102
72	-27	1063	-3	-1	0	15116
51	-35	1054	-2	-1	0	15145
72	-42	1060	-3	-2	0	15159
89	-36	1050	-4	-1	0	15173
73	-18	1067	-3	0	0	15188
64	-9	1083	-3	0	0	15202
67	-8	1081	-3	0	0	15216
87	-1	1065	-4	0	0	15244
86	3	1076	-4	0	0	15258
86	0	1084	-4	0	0	15272
90	-18	1078	-4	0	0	15287
97	-34	1073	-5	-1	0	15302
102	-49	1080	-5	-2	0	15316
98	-47	1093	-5	-2	0	15344
109	-29	1071	-5	-1	0	15358
103	-17	1044	-5	0	0	15372
95	-12	1049	-5	0	0	15386
87	-8	1046	-4	0	0	15401
87	-15	1031	-4	0	0	15415
63	-16	1034	-3	0	0	15458
56	-12	1034	-3	0	0	15472
59	-5	1027	-3	0	0	15486
70	-15	1026	-3	0	0	15501
78	-12	1026	-4	0	0	15515
57	-15	1047	-3	0	0	15529
72	-20	1017	-4	-1	0	15557
74	-27	1018	-4	-1	0	15571
57	-31	1025	-3	-1	0	15585
73	-28	1029	-4	-1	0	15602
71	-31	1047	-3	-1	0	15616
71	-28	1056	-3	-1	0	15630
75	-27	1065	-4	-1	0	15659
61	-31	1058	-3	-1	0	15674
63	-21	1054	-3	-1	0	15688
66	-6	1060	-3	0	0	15705
67	-8	1057	-3	0	0	15719
81	-1	1054	-4	0	0	15733
61	4	1065	-3	0	0	15762
70	4	1062	-3	0	0	15777
78	0	1068	-4	0	0	15791
71	0	1069	-3	0	0	15807
74	0	1072	-3	0	0	15821
85	-4	1073	-4	0	0	15835
86	-4	1073	-4	0	0	15849
79	-4	1069	-4	0	0	15877
79	-4	1080	-4	0	0	15891
72	-11	1084	-3	0	0	15909
78	-5	1085	-4	0	0	15923
75	-4	1081	-3	0	0	15937
71	-4	1088	-3	0	0	15951
59	-8	1100	-3	0	0	15979
52	-15	1100	-2	0	0	15994
44	-9	1100	-2	0	0	16008
50	-1	1079	-2	0	0	16023
58	-4	1066	-3	0	0	16037
73	3	1044	-4	0	0	16051
97	8	1019	-5	0	0	16082
98	11	1007	-5	0	0	16096
91	22	985	-5	1	0	16110
73	31	969	-4	1	0	16124
60	28	960	-3	1	0	16137
102	24	878	-6	1	0	16151
95	20	813	-6	1	0	16165
8	-53	654	0	-4	0	16193
-42	-235	394	5	-30	0	16208
-110	-112	245	22	-22	0	16223
113	-78	113	-39	-26	0	16237
-95	-121	238	19	-25	0	16251
26	9	73	-19	6	0	16268
-17	-11	100	9	-6	0	16296
-23	-1	91	14	0	0	16311
-91	1287	706	3	61	0	16324
755	-271	2840	-14	-5	0	16338
51	-130	3701	0	-2	0	16352
-338	-338	4501	4	-4	0	16366
-58	-9	2924	1	0	0	16394
-16	31	2054	0	0	0	16408
58	53	1111	-3	2	0	16424
70	48	808	-4	3	0	16438
92	68	396	-12	9	0	16452
-1	-7	259	0	-1	0	16465
120	56	171	-33	14	0	16479
13	5	276	-2	1	0	16507
-23	1	420	3	0	0	16524
-34	0	732	2	0	0	16539
-28	11	929	1	0	0	16553
-6	68	1196	0	3	0	16567
21	102	1329	0	4	0	16581
185	90	1591	-6	3	0	16611
227	41	1489	-8	1	0	16626
154	25	1337	-6	1	0	16640
93	6	1103	-4	0	0	16654
73	8	1005	-4	0	0	16668
43	1	886	-2	0	0	16682
29	7	867	-1	0	0	16696
38	11	986	-2	0	0	16727
43	19	1100	-2	0	0	16741
54	27	1136	-2	1	0	16755
37	34	1136	-1	1	0	16769
32	42	1086	-1	2	0	16784
35	36	1046	-1	1	0	16798
54	20	1073	-2	1	0	16829
55	16	1083	-2	0	0	16843
66	16	1070	-3	0	0	16857
60	16	1058	-3	0	0	16871
63	23	1050	-3	1	0	16885
59	24	1067	-3	1	0	16899
59	24	1076	-3	1	0	16913
41	13	1062	-2	0	0	16943
50	22	1065	-2	1	0	16957
47	23	1069	-2	1	0	16971
54	27	1065	-2	1	0	16986
55	24	1062	-2	1	0	17000
55	17	1061	-2	0	0	17013
48	20	1065	-2	1	0	17057
51	23	1069	-2	1	0	17071
44	20	1069	-2	1	0	17085
50	23	1065	-2	1	0	17099
51	16	1062	-2	0	0	17113
55	23	1061	-2	1	0	17127
51	20	1069	-2	1	0	17156
51	23	1065	-2	1	0	17170
51	20	1069	-2	1	0	17184
51	23	1065	-2	1	0	17198
55	24	1065	-2	1	0	17212
51	24	1061	-2	1	0	17227
51	24	1065	-2	1	0	17242
55	20	1065	-2	1	0	17270
51	20	1069	-2	1	0	17284
51	23	1072	-2	1	0	17299
51	24	1069	-2	1	0	17313
51	20	1065	-2	1	0	17327
55	20	1062	-2	1	0	17341
55	20	1065	-2	1	0	17370
51	20	1065	-2	1	0	17384
51	23	1069	-2	1	0	17398
51	20	1062	-2	1	0	17414
48	20	1065	-2	1	0	17429
51	20	1065	-2	1	0	17443
51	23	1069	-2	1	0	17457
55	23	1065	-2	1	0	17485
55	24	1065	-2	1	0	17498
55	20	1069	-2	1	0	17512
48	20	1072	-2	1	0	17526
47	23	1066	-2	1	0	17542
47	27	1065	-2	1	0	17558
51	27	1066	-2	1	0	17586
51	24	1069	-2	1	0	17600
51	20	1065	-2	1	0	17614
51	20	1069	-2	1	0	17628
55	23	1069	-2	1	0	17644
51	24	1069	-2	1	0	17659
51	20	1065	-2	1	0	17673
47	23	1065	-2	1	0	17701
54	24	1069	-2	1	0	17716
51	24	1065	-2	1	0	17730
51	24	1065	-2	1	0	17745
55	24	1069	-2	1	0	17759
48	20	1065	-2	1	0	17773
47	20	1061	-2	1	0	17802
54	23	1065	-2	1	0	17816
51	20	1072	-2	1	0	17830
48	20	1062	-2	1	0	17844
51	23	1068	-2	1	0	17858
51	24	1062	-2	1	0	17872
51	20	1068	-2	1	0	17886
55	20	1073	-2	1	0	17914
51	20	1069	-2	1	0	17928
55	20	1069	-2	1	0	17944
51	23	1069	-2	1	0	17959
48	20	1065	-2	1	0	17973
47	23	1069	-2	1	0	17987
51	26	1058	-2	1	0	18015
51	20	1057	-2	1	0	18029
55	13	1061	-2	0	0	18043
51	26	1061	-2	1	0	18060
44	31	1075	-2	1	0	18074
54	17	1080	-2	0	0	18088
41	23	1067	-2	1	0	18102
48	27	1071	-2	1	0	18131
54	20	1069	-2	1	0	18145
44	23	1065	-2	1	0	18159
47	24	1065	-2	1	0	18173
54	20	1072	-2	1	0	18187
48	23	1062	-2	1	0	18201
58	20	1046	-3	1	0	18229
55	27	1056	-3	1	0	18243
66	24	1046	-3	1	0	18258
63	9	1060	-3	0	0	18273
52	8	1068	-2	0	0	18287
51	22	1094	-2	1	0	18301
65	30	1096	-3	1	0	18315
60	17	1053	-3	0	0	18343
56	5	1043	-3	0	0	18358
66	15	1070	-3	0	0	18373
74	16	1076	-3	0	0	18387
68	12	1080	-3	0	0	18401
56	15	1084	-2	0	0	18415
51	8	1066	-2	0	0	18457
44	15	1069	-2	0	0	18472
43	19	1072	-2	1	0	18486
47	20	1069	-2	1	0	18500
44	20	1062	-2	1	0	18515
40	9	1051	-2	0	0	18529
57	8	1065	-3	0	0	18558
45	11	1076	-2	0	0	18573
54	15	1073	-2	0	0	18588
55	23	1066	-2	1	0	18601
44	13	1058	-2	0	0	18615
40	5	1064	-2	0	0	18630
43	8	1068	-2	0	0	18644
54	15	1073	-2	0	0	18672
48	16	1066	-2	0	0	18686
47	16	1062	-2	0	0	18700
51	16	1061	-2	0	0	18714
51	16	1061	-2	0	0	18728
40	12	1068	-2	0	0	18742
47	15	1062	-2	0	0	18771
44	9	1065	-2	0	0	18786
54	15	1065	-2	0	0	18800
58	16	1061	-3	0	0	18814
59	9	1058	-3	0	0	18828
59	8	1061	-3	0	0	18842
62	4	1068	-3	0	0	18856
41	11	1065	-2	0	0	18887
40	15	1065	-2	0	0	18901
32	19	1072	-1	1	0	18915
28	20	1076	-1	1	0	18929
35	20	1080	-1	1	0	18943
42	16	1067	-2	0	0	18957
57	19	1072	-3	1	0	18986
59	16	1069	-3	0	0	19000
48	12	1065	-2	0	0	19013
47	12	1058	-2	0	0	19027
47	8	1057	-2	0	0	19041
51	8	1057	-2	0	0	19055
44	4	1068	-2	0	0	19070
43	15	1065	-2	0	0	19100
43	16	1069	-2	0	0	19114
40	16	1065	-2	0	0	19128
39	12	1083	-2	0	0	19142
46	12	1084	-2	0	0	19156
44	12	1081	-2	0	0	19170
43	15	1060	-2	0	0	19187
51	8	1057	-2	0	0	19215
48	8	1064	-2	0	0	19229
51	8	1065	-2	0	0	19243
58	22	1061	-3	1	0	19257
62	16	1058	-3	0	0	19271
66	9	1071	-3	0	0	19289
63	8	1069	-3	0	0	19317
63	8	1069	-3	0	0	19331
63	8	1062	-3	0	0	19345
52	11	1068	-2	0	0	19359
48	12	1072	-2	0	0	19373
54	8	1062	-2	0	0	19390
55	4	1061	-2	0	0	19405
51	4	1066	-2	0	0	19433
51	7	1062	-2	0	0	19448
51	8	1054	-2	0	0	19463
51	8	1067	-2	0	0	19477
51	8	1058	-2	0	0	19491
58	4	1064	-3	0	0	19505
48	4	1068	-2	0	0	19519
55	4	1069	-2	0	0	19547
51	0	1062	-2	0	0	19561
48	0	1068	-2	0	0	19576
44	0	1076	-2	0	0	19591
43	4	1070	-2	0	0	19606
47	7	1080	-2	0	0	19620
52	1	1069	-2	0	0	19663
51	4	1072	-2	0	0	19677
51	0	1059	-2	0	0	19692
51	0	1071	-2	0	0	19706
51	7	1080	-2	0	0	19720
55	8	1081	-2	0	0	19734
59	4	1084	-3	0	0	19762
62	7	1078	-3	0	0	19776
66	11	1080	-3	0	0	19790
56	8	1081	-2	0	0	19805
59	4	1084	-3	0	0	19819
59	4	1078	-3	0	0	19833
41	0	1073	-2	0	0	19850
50	4	1069	-2	0	0	19878
58	0	1069	-3	0	0	19892
62	0	1097	-3	0	0	19907
70	0	1104	-3	0	0	19921
64	-11	1090	-3	0	0	19935
59	-1	1085	-3	0	0	19949
27	0	1098	-1	0	0	19992
13	-35	1132	0	-1	0	20007
40	-4	1093	-2	0	0	20021
43	0	1093	-2	0	0	20035
29	25	1096	-1	1	0	20049
49	6	1100	-2	0	0	20063
62	-15	1060	-3	0	0	20091
66	-9	1082	-3	0	0	20108
67	-15	1095	-3	0	0	20122
49	-9	1072	-2	0	0	20136
44	-19	1076	-2	0	0	20151
40	-23	1084	-2	-1	0	20165
44	-24	1080	-2	-1	0	20193
22	-77	1084	-1	-4	0	20207
34	-32	1067	-1	-1	0	20222
35	-28	1072	-1	-1	0	20236
35	-10	1076	-1	0	0	20250
42	-19	1080	-2	0	0	20264
62	-16	1061	-3	0	0	20292
49	-26	1072	-2	-1	0	20307
30	-20	1080	-1	-1	0	20322
35	-20	1077	-1	-1	0	20336
28	-6	1066	-1	0	0	20350
28	-8	1076	-1	0	0	20365
34	-34	1078	-1	-1	0	20394
25	-46	1095	-1	-2	0	20409
24	-51	1096	-1	-2	0	20424
48	-72	1068	-2	-3	0	20438
44	-71	1062	-2	-3	0	20452
57	-64	1051	-3	-3	0	20469
52	-56	1060	-2	-3	0	20483
44	-52	1054	-2	-2	0	20512
8	-65	1057	0	-3	0	20526
11	-63	1064	0	-3	0	20540
19	-56	1047	-1	-3	0	20554
30	-62	1053	-1	-3	0	20568
31	-59	1043	-1	-3	0	20582
28	-66	1042	-1	-3	0	20610
35	-77	1049	-1	-4	0	20625
28	-86	1053	-1	-4	0	20639
21	-83	1057	-1	-4	0	20653
27	-83	1061	-1	-4	0	20669
49	-83	1036	-2	-4	0	20684
63	-64	1041	-3	-3	0	20712
66	-63	1045	-3	-3	0	20726
63	-52	1052	-3	-2	0	20740
56	-48	1057	-3	-2	0	20754
59	-54	1043	-3	-2	0	20768
62	-62	1031	-3	-3	0	20782
70	-57	1030	-3	-3	0	20810
67	-55	1037	-3	-3	0	20826
63	-62	1048	-3	-3	0	20840
56	-70	1046	-3	-3	0	20854
37	-71	1049	-2	-3	0	20868
32	-74	1053	-1	-4	0	20883
24	-79	1065	-1	-4	0	20911
31	-72	1058	-1	-3	0	20925
38	-60	1050	-2	-3	0	20939
43	-63	1067	-2	-3	0	20953
40	-66	1069	-2	-3	0	20967
39	-60	1069	-2	-3	0	20981
35	-59	1065	-1	-3	0	21009
21	-80	1090	-1	-4	0	21024
13	-82	1096	0	-4	0	21039
47	-83	1096	-2	-4	0	21053
58	-72	1104	-2	-3	0	21067
66	-53	1101	-3	-2	0	21081
71	-43	1078	-3	-2	0	21109
71	-47	1077	-3	-2	0	21124
74	-47	1059	-4	-2	0	21138
57	-51	1075	-3	-2	0	21152
38	-40	1066	-2	-2	0	21166
43	-29	1051	-2	-1	0	21183
44	-1	1045	-2	0	0	21212
40	0	1021	-2	0	0	21227
46	-7	1022	-2	0	0	21241
54	-4	1029	-3	0	0	21255
62	-4	1023	-3	0	0	21269
59	-22	1032	-3	-1	0	21283
59	-23	1033	-3	-1	0	21298
81	-91	1021	-4	-5	0	21327
82	-211	1061	-4	-11	0	21341
104	-163	1015	-5	-9	0	21355
109	-48	1000	-6	-2	0	21369
106	-30	1009	-6	-1	0	21386
50	1	1024	-2	0	0	21400
6	5	1047	0	0	0	21428
-6	0	1067	0	0	0	21443
3	-11	1076	0	0	0	21457
29	-12	1066	-1	0	0	21471
63	2	1058	-3	0	0	21486
70	4	1064	-3	0	0	21500
85	-6	1050	-4	0	0	21528
104	-25	1060	-5	-1	0	21544
106	-27	1054	-5	-1	0	21558
95	-24	1057	-5	-1	0	21572
73	-34	1061	-3	-1	0	21586
64	-35	1050	-3	-1	0	21600
48	-44	1034	-2	-2	0	21628
51	-40	1041	-2	-2	0	21644
44	-36	1045	-2	-1	0	21658
22	-11	1049	-1	0	0	21672
27	-5	1049	-1	0	0	21687
49	0	1035	-2	0	0	21702
65	0	1041	-3	0	0	21716
55	-15	1052	-3	0	0	21744
69	-1	1057	-3	0	0	21758
81	3	1064	-4	0	0	21772
68	18	1058	-3	0	0	21786
67	19	1054	-3	1	0	21800
63	13	1057	-3	0	0	21814
67	0	1072	-3	0	0	21843
67	4	1066	-3	0	0	21858
63	7	1069	-3	0	0	21872
70	8	1065	-3	0	0	21887
78	1	1058	-4	0	0	21901
86	-7	1061	-4	0	0	21915
90	-4	1068	-4	0	0	21929
80	7	1061	-4	0	0	21960
72	4	1054	-3	0	0	21974
71	0	1060	-3	0	0	21988
60	-14	1061	-3	0	0	22002
48	-12	1068	-2	0	0	22017
51	-5	1065	-2	0	0	22031
66	7	1060	-3	0	0	22061
63	11	1054	-3	0	0	22075
63	1	1053	-3	0	0	22089
56	0	1057	-3	0	0	22103
48	-7	1068	-2	0	0	22117
47	-8	1069	-2	0	0	22131
47	-4	1072	-2	0	0	22145
51	7	1057	-2	0	0	22174
51	8	1054	-2	0	0	22188
55	4	1053	-2	0	0	22202
69	4	1046	-3	0	0	22216
60	4	1038	-3	0	0	22231
52	15	1013	-2	0	0	22245
-18	55	956	1	3	0	22274
-37	69	913	2	4	0	22288
-4	42	763	0	3	0	22302
-7	-13	706	0	-1	0	22316
42	-182	697	-3	-14	0	22330
-123	-227	529	12	-22	0	22344
101	-306	286	-13	-45	0	22361
41	71	72	-22	40	3	22390
-77	-42	99	35	-18	3	22404
3	-82	102	-1	-38	3	22419
-42	-29	138	16	-11	3	22433
10	-17	106	-5	-9	3	22447
47	295	283	-6	45	3	22462
-367	196	3344	6	3	3	22491
-475	-239	4628	5	-2	3	22505
-691	1	4350	9	0	3	22519
-395	315	3434	6	5	3	22533
-107	145	1914	3	4	3	22547
18	53	1051	0	2	3	22565
28	21	354	-4	3	3	22593
-25	-16	177	8	-4	3	22608
93	-16	173	-28	-4	3	22622
34	13	169	-11	4	3	22636
-21	-6	282	4	-1	3	22650
-20	-4	421	2	0	3	22668
-47	25	1248	2	1	3	22711
-29	41	1409	1	1	3	22726
36	15	1595	-1	0	3	22740
96	47	1634	-3	1	3	22754
176	40	1490	-6	1	3	22769
110	43	1320	-4	1	3	22783
20	37	999	-1	2	3	22812
-16	21	896	1	1	3	22826
-5	30	868	0	2	3	22840
-8	21	936	0	1	3	22854
-4	20	1003	0	1	3	22869
-11	23	1108	0	1	3	22884
-8	31	1147	0	1	3	22898
-4	35	1085	0	1	3	22927
-11	28	1032	0	1	3	22941
-8	35	1033	0	1	3	22955
-1	28	1083	0	1	3	22970
0	24	1092	0	1	3	22986
4	20	1071	0	1	3	23000
4	27	1072	0	1	3	23044
-3	27	1076	0	1	3	23059
-4	28	1066	0	1	3	23073
-4	28	1062	0	1	3	23087
-4	28	1065	0	1	3	23101
0	28	1069	0	1	3	23116
4	28	1069	0	1	3	23144
0	24	1069	0	1	3	23160
0	27	1065	0	1	3	23178
-4	24	1069	0	1	3	23193
-4	27	1065	0	1	3	23207
0	27	1062	0	1	3	23221
-4	28	1068	0	1	3	23236
4	27	1069	0	1	3	23264
4	27	1069	0	1	3	23282
0	28	1065	0	1	3	23296
4	31	1069	0	1	3	23311
0	24	1065	0	1	3	23325
0	27	1069	0	1	3	23340
-4	27	1069	0	1	3	23355
0	24	1069	0	1	3	23385
0	20	1062	0	1	0	24400
0	27	1065	0	1	0	24416
0	27	1065	0	1	0	24431
0	31	1069	0	1	0	24445
4	28	1065	0	1	0	24460
0	24	1065	0	1	0	24475
4	31	1069	0	1	0	24504
0	24	1065	0	1	0	24518
0	27	1072	0	1	0	24533
0	24	1069	0	1	0	24547
-4	27	1069	0	1	0	24561
3	27	1065	0	1	0	24575
0	28	1072	0	1	0	24603
0	28	1069	0	1	0	24618
0	24	1065	0	1	0	24632
0	24	1065	0	1	0	24646
0	31	1065	0	1	0	24660
0	28	1069	0	1	0	24674
0	24	1065	0	1	0	24688
0	27	1066	0	1	0	24718
0	28	1065	0	1	0	24732
0	20	1072	0	1	0	24746
0	27	1069	0	1	0	24760
0	24	1065	0	1	0	24775
0	20	1069	0	1	0	24789
0	23	1069	0	1	0	24804
0	27	1069	0	1	0	24832
0	24	1069	0	1	0	24846
0	24	1069	0	1	0	24860
4	27	1069	0	1	0	24874
0	31	1065	0	1	0	24888
0	28	1065	0	1	0	24902
0	24	1069	0	1	0	24920
0	31	1062	0	1	0	24948
0	24	1065	0	1	0	24962
0	27	1069	0	1	0	24976
0	27	1069	0	1	0	24990
0	28	1072	0	1	0	25004
4	28	1066	0	1	0	25022
0	31	1065	0	1	0	25050
0	24	1072	0	1	0	25064
0	24	1066	0	1	0	25079
0	27	1069	0	1	0	25093
0	27	1065	0	1	0	25107
0	24	1065	0	1	0	25124
0	27	1065	0	1	0	25139
0	28	1065	0	1	0	25167
4	31	1069	0	1	0	25181
0	31	1065	0	1	0	25195
0	24	1069	0	1	0	25210
0	24	1069	0	1	0	25224
0	24	1065	0	1	0	25239
-4	24	1069	0	1	0	25253
0	27	1062	0	1	0	25282
0	31	1065	0	1	0	25296
0	28	1072	0	1	0	25310
0	28	1073	0	1	0	25325
0	24	1062	0	1	0	25340
0	27	1061	0	1	0	25354
0	27	1068	0	1	0	25368
0	28	1069	0	1	0	25396
0	28	1069	0	1	0	25411
0	28	1065	0	1	0	25426
0	31	1065	0	1	0	25441
-4	21	1072	0	1	0	25455
-4	23	1062	0	1	0	25469
0	24	1065	0	1	0	25498
0	20	1054	0	1	0	25512
4	27	1050	0	1	0	25527
-3	31	1053	0	1	0	25542
-4	21	1060	0	1	0	25556
-4	23	1068	0	1	0	25570
0	27	1087	0	1	0	25585
7	39	1096	0	2	0	25613
4	29	1086	0	1	0	25627
-3	24	1092	0	1	0	25642
-4	17	1110	0	0	0	25656
-4	23	1130	0	1	0	25672
0	24	1117	0	1	0	25687
14	27	1056	0	1	0	25701
9	9	1067	0	0	0	25729
-6	29	1090	0	1	0	25743
6	21	1064	0	1	0	25757
11	13	1051	0	0	0	25771
5	-2	1060	0	0	0	25785
11	-7	1075	0	0	0	25799
19	7	1092	-1	0	0	25828
34	11	1071	-1	0	0	25843
32	12	1044	-1	0	0	25857
21	5	1042	-1	0	0	25871
-1	-17	1070	0	0	0	25885
-7	-12	1073	0	0	0	25900
-4	-8	1069	0	0	0	25914
-4	-28	1076	0	-1	0	25945
-32	-31	1116	1	-1	0	25960
-35	-17	1116	1	0	0	25974
-14	-23	1081	0	-1	0	25988
2	-24	1035	0	-1	0	26003
14	-27	1023	0	-1	0	26017
19	-9	1144	0	0	0	26045
2	-1	1165	0	0	0	26060
-7	-4	1146	0	0	0	26074
10	10	1123	0	0	0	26088
47	-34	1110	-2	-1	0	26102
15	-85	1069	0	-4	0	26116
-6	-69	1080	0	-3	0	26130
-45	-157	1247	2	-7	0	26160
-33	-94	1129	1	-4	0	26174
-39	-55	1093	2	-2	0	26188
-32	-119	1096	1	-6	0	26203
-24	-100	1118	1	-5	0	26217
-13	-88	1130	0	-4	0	26231
-97	146	1160	4	7	0	26260
-13	-77	1188	0	-3	0	26274
13	-78	1134	0	-3	0	26288
58	-64	1100	-3	-3	0	26302
62	-77	1118	-3	-3	0	26316
52	-78	1141	-2	-3	0	26330
58	-54	1129	-2	-2	0	26359
48	-37	1110	-2	-1	0	26373
44	-36	1130	-2	-1	0	26387
22	-50	1174	-1	-2	0	26403
9	-23	1147	0	-1	0	26417
15	-23	1116	0	-1	0	26431
-12	-64	1128	0	-3	0	26463
-22	-67	1139	1	-3	0	26477
-27	-67	1133	1	-3	0	26491
-6	-67	1100	0	-3	0	26505
6	-63	1093	0	-3	0	26519
-28	-56	1096	1	-2	0	26533
1	-13	1039	0	0	0	26563
0	-5	1034	0	0	0	26577
-35	-8	1037	1	0	0	26591
-25	-8	1020	1	0	0	26605
-10	-18	990	0	-1	0	26619
-1	-20	973	0	-1	0	26633
3	-9	945	0	0	0	26663
14	-4	908	0	0	0	26677
33	0	890	-2	0	0	26691
35	0	892	-2	0	0	26705
7	-25	952	0	-1	0	26720
-3	-27	955	0	-1	0	26734
3	-24	930	0	-1	0	26748
11	-21	943	0	-1	0	26777
8	-27	943	0	-1	0	26791
-6	-49	979	0	-2	0	26805
-15	-69	993	0	-3	0	26819
-9	-92	998	0	-5	0	26833
-8	-101	1005	0	-5	0	26847
0	-83	1003	0	-4	0	26877
-7	-76	1009	0	-4	0	26891
-8	-68	1010	0	-3	0	26905
-1	-53	999	0	-3	0	26920
3	-48	998	0	-2	0	26934
-3	-58	1023	0	-3	0	26949
-7	-62	1047	0	-3	0	26966
-20	-63	1060	1	-3	0	26995
-9	-52	1057	0	-2	0	27009
-1	-34	1036	0	-1	0	27024
25	-25	1030	-1	-1	0	27038
38	-27	1033	-2	-1	0	27052
36	-45	1048	-1	-2	0	27066
24	-58	1071	-1	-3	0	27094
10	-59	1069	0	-3	0	27108
12	-62	1065	0	-3	0	27122
12	-63	1069	0	-3	0	27136
19	-63	1062	-1	-3	0	27150
27	-52	1058	-1	-2	0	27165
35	-51	1050	-1	-2	0	27194
28	-55	1060	-1	-2	0	27209
17	-62	1054	0	-3	0	27224
30	-59	1057	-1	-3	0	27238
21	-52	1061	-1	-2	0	27252
9	-44	1065	0	-2	0	27266
18	-37	1063	0	-1	0	27295
41	-21	1054	-2	-1	0	27309
43	-20	1057	-2	-1	0	27323
26	-37	1078	-1	-1	0	27337
3	-43	1084	0	-2	0	27351
4	-43	1081	0	-2	0	27365
16	-32	1069	0	-1	0	27394
12	-28	1072	0	-1	0	27408
15	-24	1073	0	-1	0	27425
23	-20	1069	-1	-1	0	27439
45	-20	1058	-2	-1	0	27453
43	-30	1071	-2	-1	0	27468
15	-42	1073	0	-2	0	27497
23	-40	1062	-1	-2	0	27511
41	-25	1040	-2	-1	0	27526
43	-27	1059	-2	-1	0	27540
11	-24	1064	0	-1	0	27554
19	-31	1054	-1	-1	0	27569
23	-28	1050	-1	-1	0	27583
36	-21	1042	-1	-1	0	27614
21	-34	1056	-1	-1	0	27629
16	-35	1057	0	-1	0	27643
5	-25	1050	0	-1	0	27657
18	-13	1046	-1	0	0	27671
27	-5	1042	-1	0	0	27685
32	-15	1067	-1	0	0	27713
14	-12	1062	0	0	0	27727
8	-15	1065	0	0	0	27741
33	-9	1065	-1	0	0	27755
39	-4	1054	-2	0	0	27770
11	-11	1078	0	0	0	27787
20	-2	1064	-1	0	0	27815
52	0	1051	-2	0	0	27830
79	0	1035	-4	0	0	27846
61	-18	1066	-3	0	0	27861
38	-34	1083	-2	-1	0	27875
50	-25	1063	-2	-1	0	27892
44	-17	1042	-2	0	0	27920
29	-19	1045	-1	-1	0	27934
24	-9	1021	-1	0	0	27948
17	-4	1011	0	0	0	27962
26	-11	1010	-1	0	0	27976
20	2	992	-1	0	0	27993
-5	7	938	0	0	0	28008
17	-3	750	-1	0	0	28036
5	3	659	0	0	0	28050
11	-28	540	-1	-2	0	28064
1	-173	319	0	-28	0	28078
106	39	103	-44	14	0	28095
21	32	46	-20	32	0	28109
3	-12	86	-1	-7	0	28137
-24	-29	93	14	-16	0	28151
15	-67	123	-6	-28	0	28165
30	-49	125	-12	-20	0	28179
-8	-16	94	4	-9	0	28196
20	-12	105	-10	-6	0	28210
-121	960	563	6	59	0	28238
228	-159	2981	-4	-3	0	28253
-23	-469	4755	0	-5	0	28267
-31	-1391	5990	0	-13	0	28281
78	-327	3704	-1	-5	0	28298
-49	-8	2415	1	0	0	28312
220	263	733	-15	18	0	28340
156	129	406	-20	16	0	28354
-80	253	175	14	52	0	28368
3	82	88	-1	42	0	28382
11	19	97	-6	10	0	28397
47	48	56	-32	33	0	28412
33	-9	136	-13	-3	3	28426
-45	-38	456	5	-4	3	28454
-12	78	615	1	7	3	28469
-220	89	1055	11	4	3	28483
-181	278	1329	7	11	3	28499
-117	371	1643	3	12	3	28514
-75	416	1802	2	12	3	28528
55	270	1813	-1	8	3	28556
-41	112	1458	1	4	3	28571
-128	36	1260	5	1	3	28585
-147	-67	996	8	-3	3	28601
-153	-102	895	9	-6	3	28616
-136	-74	800	9	-5	3	28630
-97	-12	740	7	0	3	28659
-116	-15	831	7	-1	3	28673
-135	-40	1006	7	-2	3	28687
-123	-36	1087	6	-1	3	28703
-140	3	1159	6	0	3	28718
-117	25	1173	5	1	3	28732
-74	89	1131	3	4	3	28761
-71	94	1082	3	4	3	28777
-67	77	1060	3	4	3	28791
-63	54	1043	3	2	3	28806
-52	34	1052	2	1	3	28822
-51	14	1064	2	0	3	28836
-58	8	1068	3	0	3	28850
-75	33	1062	4	1	3	28882
-82	42	1061	4	2	3	28896
-86	50	1065	4	2	3	28910
-86	55	1072	4	2	3	28924
-90	41	1069	4	2	3	28938
-87	32	1058	4	1	3	28953
-75	31	1058	4	1	3	28981
-75	35	1064	4	1	3	28995
-71	42	1065	3	2	3	29011
-74	40	1065	3	2	3	29026
-78	36	1065	4	1	3	29040
-86	32	1061	4	1	3	29055
-86	35	1061	4	1	3	29071
-79	42	1061	4	2	3	29100
-75	36	1061	4	1	3	29117
-75	39	1068	4	2	3	29132
-78	29	1065	4	1	3	29146
-75	35	1062	4	1	3	29160
-82	39	1058	4	2	3	29174
-82	36	1065	4	1	3	29203
-79	35	1065	4	1	3	29220
-79	39	1061	4	2	3	29235
-75	36	1065	4	1	3	29249
-75	39	1065	4	2	3	29263
-78	36	1061	4	1	3	29278
-75	35	1065	4	1	3	29292
-79	35	1065	4	1	3	29321
-79	35	1065	4	1	3	29336
-79	35	1065	4	1	3	29350
-79	35	1065	4	1	3	29364
-75	39	1061	4	2	3	29378
-82	36	1068	4	1	3	29392
-78	36	1065	4	1	3	29421
-75	39	1061	4	2	0	30437
-82	36	1051	4	1	0	30453
-82	32	1067	4	1	0	30467
-72	56	1037	3	3	0	30481
-67	48	1041	3	2	0	30495
-81	47	1063	4	2	0	30509
-83	43	1070	4	2	0	30538
-79	22	1069	4	1	0	30554
-79	13	1069	4	0	0	30568
-68	15	1069	3	0	0	30582
-67	16	1062	3	0	0	30596
-106	48	1097	5	2	0	30610
-61	40	1113	3	2	0	30638
-52	36	1077	2	1	0	30655
-48	18	1006	2	1	0	30669
-79	12	974	4	0	0	30683
-57	-13	960	3	0	0	30697
-52	-40	1033	2	-2	0	30712
-48	14	1143	2	0	0	30726
-61	44	1075	3	2	0	30757
-84	26	1066	4	1	0	30772
-111	41	1069	5	2	0	30786
-121	47	1080	6	2	0	30800
-104	26	1063	5	1	0	30814
-95	17	1047	5	0	0	30828
-87	15	1060	4	0	0	30856
-69	23	1072	3	1	0	30870
-71	27	1076	3	1	0	30884
-64	31	1073	3	1	0	30898
-63	31	1066	3	1	0	30912
-63	31	1062	3	1	0	30926
-59	21	1054	3	1	0	30940
-55	12	1053	3	0	0	30970
-59	15	1050	3	0	0	30984
-73	5	1074	3	0	0	30998
-64	15	1066	3	0	0	31013
-67	12	1069	3	0	0	31027
-56	19	1062	3	1	0	31041
-51	12	1057	2	0	0	31070
-62	12	1064	3	0	0	31084
-66	15	1072	3	0	0	31098
-77	16	1076	4	0	0	31114
-78	12	1073	4	0	0	31129
-64	15	1066	3	0	0	31143
-63	16	1065	3	0	0	31157
-55	20	1069	2	1	0	31185
-59	16	1069	3	0	0	31199
-66	12	1065	3	0	0	31213
-70	15	1062	3	0	0	31227
-81	30	1047	4	1	0	31241
-86	28	1067	4	1	0	31255
-50	41	1081	2	2	0	31298
-55	57	1070	2	3	0	31312
-94	27	1115	4	1	0	31327
-41	-61	1112	2	-3	0	31341
-54	5	1006	3	0	0	31355
-101	-24	1027	5	-1	0	31370
-11	-2	1054	0	0	0	31398
-5	10	1057	0	0	0	31412
-36	5	1068	1	0	0	31426
-53	4	1069	2	0	0	31440
-69	0	1069	3	0	0	31454
-78	4	1080	4	0	0	31469
-72	11	1076	3	0	0	31512
-46	22	1077	2	1	0	31527
-22	9	1080	1	0	0	31541
-23	-3	1074	1	0	0	31555
-34	-18	1069	1	0	0	31570
-46	-23	1065	2	-1	0	31585
-26	3	1064	1	0	0	31615
-45	-10	1068	2	0	0	31630
-93	87	1058	5	4	0	31644
-87	19	1082	4	1	0	31658
-51	13	1109	2	0	0	31673
-37	-6	1179	1	0	0	31687
-79	14	1237	3	0	0	31715
-128	-9	1234	5	0	0	31729
-144	10	1238	6	0	0	31743
-85	5	1238	3	0	0	31757
-69	0	1203	3	0	0	31771
-63	-14	1178	3	0	0	31786
-109	137	1281	4	6	0	31800
-194	-39	1276	8	-1	0	31830
-154	-18	1231	7	0	0	31844
-171	-23	1230	7	-1	0	31858
-173	-45	1209	8	-2	0	31875
-95	-47	1214	4	-2	0	31890
-34	-37	1211	1	-1	0	31904
15	-13	1080	0	0	0	31932
-2	-5	1105	0	0	0	31946
-85	-4	1179	4	0	0	31960
-93	0	1236	4	0	0	31974
-69	42	1156	3	2	0	31989
-88	57	1152	4	2	0	32003
-73	74	1119	3	3	0	32031
-39	50	1124	1	2	0	32045
-39	51	1127	1	2	0	32059
-85	33	1135	4	1	0	32073
-97	28	1139	4	1	0	32090
-105	38	1140	5	1	0	32104
-85	46	1108	4	2	0	32118
-32	67	1055	1	3	0	32146
-17	88	1018	0	4	0	32160
-23	97	1007	1	5	0	32174
-27	98	1031	1	5	0	32188
-24	81	1026	1	4	0	32202
-6	79	1012	0	4	0	32216
-39	75	1003	2	4	0	32244
-32	78	988	1	4	0	32258
-28	79	976	1	4	0	32272
-45	54	961	2	3	0	32287
-51	44	966	2	2	0	32302
-65	40	960	3	2	0	32316
-56	32	941	3	1	0	32330
-40	42	920	2	2	0	32358
-46	43	923	2	2	0	32372
-22	33	916	1	2	0	32387
-20	32	912	1	1	0	32401
-41	24	905	2	1	0	32415
-50	17	911	3	1	0	32429
-62	5	905	3	0	0	32446
-29	0	918	1	0	0	32475
-42	-3	927	2	0	0	32489
-25	-7	927	1	0	0	32503
-10	-18	924	0	-1	0	32519
10	-34	970	0	-1	0	32533
-13	-32	988	0	-1	0	32547
-5	-20	972	0	-1	0	32575
35	-16	978	-2	0	0	32589
32	-19	993	-1	-1	0	32604
-15	-41	1008	0	-2	0	32618
-23	-57	1010	1	-3	0	32632
-9	-69	1038	0	-3	0	32646
-9	-56	1038	0	-3	0	32689
20	-115	1048	-1	-6	0	32704
27	-107	1039	-1	-5	0	32718
27	-74	1020	-1	-4	0	32732
10	-50	1036	0	-2	0	32746
-17	-47	1030	0	-2	0	32761
-36	-35	1034	1	-1	0	32789
-18	-14	1023	0	0	0	32806
-5	-8	1036	0	0	0	32820
-15	-8	1052	0	0	0	32834
-19	-8	1057	1	0	0	32848
-2	-15	1061	0	0	0	32862
6	-8	1058	0	0	0	32891
4	-15	1068	0	0	0	32908
-10	-5	1076	0	0	0	32922
-19	-1	1077	1	0	0	32936
-5	3	1070	0	0	0	32950
-8	14	1069	0	0	0	32965
-9	12	1058	0	0	0	32994
6	15	1050	0	0	0	33009
11	19	1064	0	1	0	33024
-2	27	1044	0	1	0	33038
-4	27	1028	0	1	0	33052
-18	6	1047	0	0	0	33066
-19	4	1046	1	0	0	33080
-12	0	1061	0	0	0	33111
-15	4	1058	0	0	0	33125
-9	7	1050	0	0	0	33139
17	11	1060	0	0	0	33154
16	8	1061	0	0	0	33168
-2	-10	1075	0	0	0	33183
-4	-29	1080	0	-1	0	33197
-23	1	1092	1	0	0	33228
-16	18	1089	0	0	0	33242
-9	19	1078	0	1	0	33256
-11	23	1070	0	1	0	33270
-8	24	1073	0	1	0	33284
-1	24	1062	0	1	0	33298
16	9	1075	0	0	0	33328
2	4	1077	0	0	0	33342
4	4	1073	0	0	0	33356
7	4	1069	0	0	0	33370
33	0	1083	-1	0	0	33384
14	4	1074	0	0	0	33398
-6	4	1069	0	0	0	33414
10	7	1066	0	0	0	33445
8	15	1058	0	0	0	33459
4	12	1050	0	0	0	33476
15	8	1056	0	0	0	33490
30	8	1054	-1	0	0	33504
45	15	1046	-2	0	0	33518
33	12	1045	-1	0	0	33532
-3	4	1061	0	0	0	33560
-4	0	1065	0	0	0	33574
-7	0	1076	0	0	0	33588
-4	0	1077	0	0	0	33602
17	0	1066	0	0	0	33618
26	0	1062	-1	0	0	33633
34	4	1051	-1	0	0	33647
0	12	1049	0	0	0	33676
-11	12	1053	0	0	0	33690
-1	12	1050	0	0	0	33704
3	8	1039	0	0	0	33719
0	11	1041	0	0	0	33733
0	8	1041	0	0	0	33747
18	1	1034	0	0	0	33762
2	-4	1041	0	0	0	33790
14	-4	1052	0	0	0	33804
37	-4	1053	-2	0	0	33818
46	3	1043	-2	0	0	33833
36	7	1045	-2	0	0	33847
39	4	1049	-2	0	0	33861
48	4	1041	-2	0	0	33892
37	0	1052	-2	0	0	33906
46	0	1057	-2	0	0	33920
51	0	1064	-2	0	0	33935
30	-4	1079	-1	0	0	33949
14	0	1070	0	0	0	33963
30	4	1066	-1	0	0	33977
39	15	1062	-2	0	0	34005
39	23	1061	-2	1	0	34020
32	34	1050	-1	1	0	34035
32	46	1028	-1	2	0	34049
35	61	969	-2	3	0	34063
25	73	932	-1	4	0	34077
-14	122	777	0	8	0	34105
-12	104	700	0	8	0	34119
-51	-78	608	4	-7	0	34136
-76	6	305	13	1	0	34150
-114	-173	494	12	-18	0	34164
-146	-31	449	17	-3	0	34178
-61	-106	155	17	-32	0	34192
-65	5	22	70	3	0	34220
-31	-28	27	38	-34	0	34237
-21	-17	84	13	-11	0	34251
1	2	107	0	0	0	34265
-7	-18	106	3	-9	0	34279
-1	-5	96	0	-3	0	34293
-1	-1	85	0	0	0	34321
14	-36	104	-7	-18	0	34336
97	-88	208	-23	-21	0	34351
63	-44	134	-23	-16	0	34366
-153	2648	102	3	86	0	34380
-769	-1454	5882	7	-13	0	34395
-613	-1429	7609	4	-10	0	34423
-564	-394	5171	6	-4	0	34438
-155	145	1932	4	4	0	34453
30	251	1017	-1	13	0	34467
81	262	374	-10	34	0	34481
-10	398	52	1	82	3	34497
56	-8	118	-25	-3	3	34526
-12	-29	33	15	-39	3	34541
45	-63	113	-19	-27	3	34555
-6	-3	86	4	-1	3	34569
-8	3	86	5	2	3	34584
-33	-3	86	20	-1	3	34598
7	0	94	-4	0	3	34612
155	-27	185	-39	-6	3	34642
617	-544	1455	-21	-18	3	34657
323	45	1214	-14	2	3	34671
-113	220	1897	3	6	3	34686
-178	284	2206	4	7	3	34700
-276	647	2573	5	14	3	34714
208	312	1985	-5	8	3	34743
194	180	1620	-6	6	3	34758
143	85	1138	-7	4	3	34772
128	-20	956	-7	-1	3	34787
62	-147	729	-4	-11	3	34803
49	-153	649	-4	-13	3	34818
4	-8	538	0	0	3	34847
-21	-4	659	1	0	3	34862
-13	-43	784	0	-3	3	34876
41	-64	1009	-2	-3	3	34890
71	-74	1134	-3	-3	3	34904
96	-43	1242	-4	-1	3	34918
93	64	1259	-4	2	3	34948
73	88	1233	-3	4	3	34963
32	122	1124	-1	6	3	34977
17	115	1060	0	6	3	34991
23	86	1008	-1	4	3	35007
16	62	1003	0	3	3	35021
19	49	1038	-1	2	3	35035
24	18	1087	-1	0	3	35064
27	12	1085	-1	0	3	35079
38	19	1056	-2	1	3	35093
36	30	1046	-1	1	3	35107
42	53	1063	-2	2	3	35121
47	51	1072	-2	2	3	35135
47	44	1070	-2	2	3	35164
44	33	1058	-2	1	3	35179
43	32	1061	-2	1	3	35193
36	28	1061	-1	1	3	35207
32	42	1068	-1	2	3	35221
28	40	1069	-1	2	3	35235
38	43	1065	-2	2	3	35250
42	32	1065	-2	1	3	35279
50	39	1069	-2	2	3	35293
47	39	1065	-2	2	3	35311
40	43	1065	-2	2	3	35326
43	43	1069	-2	2	3	35340
40	40	1065	-2	2	3	35354
39	39	1061	-2	2	3	35383
39	39	1065	-2	2	3	35397
43	46	1065	-2	2	3	35411
40	36	1069	-2	1	3	35425
43	39	1065	-2	2	3	35439
36	39	1065	-1	2	3	35454
35	39	1065	-1	2	3	35469
39	43	1068	-2	2	0	36498
43	40	1069	-2	2	0	36514
40	39	1065	-2	2	0	36528
39	39	1065	-2	2	0	36542
39	43	1065	-2	2	0	36556
43	40	1061	-2	2	0	36570
43	43	1069	-2	2	0	36600
40	43	1065	-2	2	0	36614
39	43	1065	-2	2	0	36628
43	43	1069	-2	2	0	36641
43	40	1069	-2	2	0	36655
36	36	1058	-1	1	0	36669
39	39	1068	-2	2	0	36684
36	39	1072	-1	2	0	36713
39	39	1066	-2	2	0	36727
43	43	1069	-2	2	0	36741
40	40	1065	-2	2	0	36755
36	39	1062	-1	2	0	36769
39	36	1065	-2	1	0	36783
43	36	1069	-2	1	0	36812
40	35	1065	-2	1	0	36826
39	42	1065	-2	2	0	36840
36	36	1069	-1	1	0	36854
42	39	1065	-2	2	0	36868
43	36	1065	-2	1	0	36882
40	39	1065	-2	2	0	36898
43	39	1072	-2	2	0	36927
40	43	1066	-2	2	0	36941
39	40	1062	-2	2	0	36955
43	46	1068	-2	2	0	36969
40	44	1058	-2	2	0	36983
39	40	1064	-2	2	0	36998
39	43	1065	-2	2	0	37027
36	43	1076	-1	2	0	37041
42	36	1066	-2	1	0	37056
40	39	1062	-2	2	0	37070
39	39	1061	-2	2	0	37084
36	39	1065	-1	2	0	37099
39	39	1065	-2	2	0	37113
42	39	1065	-2	2	0	37141
40	43	1061	-2	2	0	37155
39	43	1068	-2	2	0	37169
39	40	1065	-2	2	0	37183
39	39	1065	-2	2	0	37197
43	39	1065	-2	2	0	37211
39	39	1065	-2	2	0	37239
36	39	1069	-1	2	0	37254
39	39	1065	-2	2	0	37268
39	43	1065	-2	2	0	37282
36	40	1069	-1	2	0	37297
42	39	1062	-2	2	0	37312
40	43	1065	-2	2	0	37326
46	40	1062	-2	2	0	37354
40	39	1061	-2	2	0	37369
39	43	1065	-2	2	0	37383
43	40	1069	-2	2	0	37397
43	46	1062	-2	2	0	37414
40	36	1065	-2	1	0	37428
35	40	1065	-1	2	0	37470
39	43	1065	-2	2	0	37484
39	36	1065	-2	1	0	37498
39	39	1065	-2	2	0	37514
39	43	1058	-2	2	0	37529
39	40	1064	-2	2	0	37543
39	39	1065	-2	2	0	37571
36	39	1061	-1	2	0	37585
39	43	1065	-2	2	0	37599
36	40	1061	-1	2	0	37616
39	43	1065	-2	2	0	37630
36	36	1061	-1	1	0	37644
42	43	1061	-2	2	0	37658
36	39	1069	-1	2	0	37686
39	43	1069	-2	2	0	37700
39	43	1065	-2	2	0	37715
39	40	1065	-2	2	0	37730
39	43	1061	-2	2	0	37744
39	40	1068	-2	2	0	37758
39	40	1069	-2	2	0	37786
39	39	1065	-2	2	0	37800
43	39	1069	-2	2	0	37816
43	39	1065	-2	2	0	37830
40	39	1062	-2	2	0	37844
39	39	1065	-2	2	0	37858
39	39	1069	-2	2	0	37873
36	35	1065	-1	1	0	37902
43	39	1069	-2	2	0	37916
40	36	1065	-2	1	0	37930
39	39	1065	-2	2	0	37944
43	43	1065	-2	2	0	37958
36	40	1065	-1	2	0	37972
43	43	1061	-2	2	0	38000
40	43	1068	-2	2	0	38014
39	40	1065	-2	2	0	38029
36	39	1069	-1	2	0	38043
39	39	1062	-2	2	0	38057
39	39	1065	-2	2	0	38071
43	43	1065	-2	2	0	38086
43	43	1061	-2	2	0	38114
47	43	1065	-2	2	0	38128
40	36	1065	-2	1	0	38142
39	39	1061	-2	2	0	38156
39	39	1065	-2	2	0	38170
39	39	1065	-2	2	0	38184
39	43	1065	-2	2	0	38213
43	40	1065	-2	2	0	38230
40	39	1061	-2	2	0	38244
39	39	1065	-2	2	0	38258
43	43	1061	-2	2	0	38272
43	40	1061	-2	2	0	38287
40	39	1065	-2	2	0	38301
39	39	1062	-2	2	0	38330
46	43	1068	-2	2	0	38345
44	43	1065	-2	2	0	38359
40	40	1069	-2	2	0	38372
43	39	1065	-2	2	0	38389
43	36	1065	-2	1	0	38403
43	39	1065	-2	2	0	38431
40	39	1072	-2	2	0	38445
39	39	1069	-2	2	0	38459
39	43	1065	-2	2	0	38473
39	40	1065	-2	2	0	38487
43	43	1061	-2	2	0	38501
40	40	1068	-2	2	0	38515
39	36	1065	-2	1	0	38544
43	42	1061	-2	2	0	38558
40	36	1068	-2	1	0	38572
39	43	1065	-2	2	0	38586
39	40	1069	-2	2	0	38600
39	39	1065	-2	2	0	38614
43	39	1065	-2	2	0	38644
43	39	1065	-2	2	0	38658
40	36	1065	-2	1	0	38672
39	39	1065	-2	2	0	38686
39	39	1065	-2	2	0	38700
39	36	1065	-2	1	0	38714
36	35	1065	-1	1	0	38728
39	36	1065	-2	1	0	38759
39	39	1065	-2	2	0	38773
39	43	1065	-2	2	0	38787
43	40	1069	-2	2	0	38801
36	32	1069	-1	1	0	38815
39	39	1069	-2	2	0	38829
39	39	1072	-2	2	0	38860
39	39	1069	-2	2	0	38874
43	39	1065	-2	2	0	38888
43	39	1065	-2	2	0	38903
36	43	1061	-1	2	0	38917
39	40	1058	-2	2	0	38931
39	39	1068	-2	2	0	38945
39	36	1064	-2	1	0	38973
39	42	1061	-2	2	0	38987
36	36	1068	-1	1	0	39000
39	39	1065	-2	2	0	39014
43	39	1062	-2	2	0	39028
40	39	1068	-2	2	0	39043
40	36	1068	-2	1	0	39072
39	39	1065	-2	2	0	39086
39	36	1069	-2	1	0	39102
43	39	1069	-2	2	0	39117
40	39	1065	-2	2	0	39131
43	39	1065	-2	2	0	39145
40	39	1065	-2	2	0	39159
36	35	1062	-1	1	0	39189
42	42	1065	-2	2	0	39203
43	40	1065	-2	2	0	39217
36	39	1069	-1	2	0	39231
39	39	1069	-2	2	0	39245
43	43	1069	-2	2	0	39260
43	39	1061	-2	2	0	39302
36	39	1065	-1	2	0	39317
39	39	1069	-2	2	0	39331
43	39	1065	-2	2	0	39345
43	43	1062	-2	2	0	39359
43	40	1068	-2	2	0	39373
43	42	1065	-2	2	0	39401
40	43	1061	-2	2	0	39415
36	40	1065	-1	2	0	39429
39	43	1065	-2	2	0	39443
39	40	1061	-2	2	0	39460
36	36	1065	-1	1	0	39474
39	39	1069	-2	2	0	39488
40	43	1062	-2	2	0	39516
39	36	1068	-2	1	0	39530
43	35	1065	-2	1	0	39544
43	46	1069	-2	2	0	39559
40	40	1065	-2	2	0	39574
43	43	1065	-2	2	0	39588
39	39	1065	-2	2	0	39616
43	39	1069	-2	2	0	39630
40	36	1062	-2	1	0	39644
36	39	1065	-1	2	0	39659
39	39	1065	-2	2	0	39674
39	36	1069	-2	1	0	39688
39	39	1065	-2	2	0	39702
39	39	1065	-2	2	0	39730
43	43	1065	-2	2	0	39744
43	40	1069	-2	2	0	39758
47	43	1062	-2	2	0	39773
40	43	1065	-2	2	0	39787
39	36	1061	-2	1	0	39800
39	39	1065	-2	2	0	39829
39	39	1069	-2	2	0	39843
32	39	1069	-1	2	0	39858
39	39	1069	-2	2	0	39872
36	61	1051	-1	3	0	39886
28	34	1046	-1	1	0	39900
42	46	1077	-2	2	0	39914
49	41	1055	-2	2	0	39942
40	43	1057	-2	2	0	39955
57	29	1078	-3	1	0	39973
41	28	1084	-2	1	0	39987
50	45	1053	-2	2	0	40001
47	43	1032	-2	2	0	40015
37	49	1085	-1	2	0	40044
35	47	1081	-1	2	0	40058
32	37	1067	-1	1	0	40072
28	43	1069	-1	2	0	40086
56	64	1058	-3	3	0	40100
48	59	1050	-2	3	0	40115
44	41	1056	-2	2	0	40129
26	40	1043	-1	2	0	40157
20	32	1045	-1	1	0	40172
37	56	1035	-2	3	0	40187
57	41	1030	-3	2	0	40201
48	39	1069	-2	2	0	40215
44	36	1101	-2	1	0	40229
61	50	1120	-3	2	0	40257
49	26	1116	-2	1	0	40272
61	24	1070	-3	1	0	40287
70	38	1034	-3	2	0	40301
60	43	1009	-3	2	0	40315
38	57	996	-2	3	0	40329
36	27	1072	-1	1	0	40344
63	21	1138	-3	1	0	40372
42	27	1136	-2	1	0	40386
15	59	1161	0	2	0	40400
37	24	1209	-1	1	0	40414
64	77	1182	-3	3	0	40428
77	89	1155	-3	4	0	40442
48	33	1224	-2	1	0	40470
83	74	1166	-4	3	0	40486
132	14	1153	-6	0	0	40500
31	55	1191	-1	2	0	40514
63	16	1216	-2	0	0	40528
63	-16	1236	-2	0	0	40543
63	23	1298	-2	1	0	40557
136	72	1227	-6	3	0	40587
141	53	1258	-6	2	0	40601
106	16	1261	-4	0	0	40615
103	9	1251	-4	0	0	40628
152	15	1232	-7	0	0	40645
171	30	1209	-8	1	0	40660
115	5	1253	-5	0	0	40688
135	-3	1225	-6	0	0	40702
155	-7	1205	-7	0	0	40716
107	-1	1203	-5	0	0	40730
81	-11	1206	-3	0	0	40744
104	-26	1214	-4	-1	0	40758
132	27	1152	-6	1	0	40787
109	45	1148	-5	2	0	40802
96	50	1144	-4	2	0	40816
140	51	1126	-7	2	0	40830
145	51	1082	-7	2	0	40847
114	37	1102	-5	1	0	40861
89	14	1104	-4	0	0	40875
129	22	1053	-7	1	0	40907
151	30	1035	-8	1	0	40922
68	17	1048	-3	0	0	40936
49	9	1042	-2	0	0	40949
97	4	999	-5	0	0	40964
119	8	977	-6	0	0	40978
96	1	996	-5	0	0	41007
77	-3	1002	-4	0	0	41021
85	0	984	-4	0	0	41035
76	4	961	-4	0	0	41050
64	11	945	-3	0	0	41064
91	5	954	-5	0	0	41079
126	8	923	-7	0	0	41094
158	4	899	-9	0	0	41123
136	-3	896	-8	0	0	41137
120	-22	928	-7	-1	0	41154
115	-23	917	-7	-1	0	41168
128	-9	895	-8	0	0	41182
133	-15	885	-8	0	0	41196
142	-4	881	-9	0	0	41225
131	-4	877	-8	0	0	41239
126	-7	887	-8	0	0	41253
133	-4	888	-8	0	0	41267
123	-11	895	-7	0	0	41281
115	-29	907	-7	-1	0	41296
168	-27	904	-10	-1	0	41338
169	-45	911	-10	-2	0	41352
165	-54	915	-10	-3	0	41366
144	-66	937	-8	-3	0	41380
117	-60	932	-7	-3	0	41394
164	-28	930	-10	-1	0	41437
190	-24	907	-11	-1	0	41451
196	-41	940	-11	-2	0	41466
204	-54	957	-11	-3	0	41480
197	-62	969	-11	-3	0	41495
186	-82	1019	-10	-4	0	41523
149	-61	1050	-8	-3	0	41537
135	-41	1042	-7	-2	0	41551
151	-29	1020	-8	-1	0	41565
160	-10	1025	-8	0	0	41579
161	3	1019	-8	0	0	41593
127	-15	1052	-6	0	0	41636
122	-9	1046	-6	0	0	41650
94	-22	1056	-5	-1	0	41665
84	-20	1061	-4	-1	0	41679
100	-16	1047	-5	0	0	41693
116	-9	1046	-6	0	0	41708
120	-15	1049	-6	0	0	41737
86	-33	1056	-4	-1	0	41751
115	-32	1050	-6	-1	0	41768
135	-28	1039	-7	-1	0	41783
137	-28	1041	-7	-1	0	41797
123	-23	1038	-6	-1	0	41839
111	-24	1038	-6	-1	0	41853
107	-41	1055	-5	-2	0	41867
110	-50	1057	-5	-2	0	41881
110	-47	1061	-5	-2	0	41895
81	-46	1068	-4	-2	0	41925
93	-40	1065	-4	-2	0	41939
119	-32	1058	-6	-1	0	41953
118	-32	1057	-6	-1	0	41970
107	-42	1068	-5	-2	0	41985
99	-36	1072	-5	-1	0	41999
106	-23	1050	-5	-1	0	42042
113	-16	1046	-6	0	0	42056
100	-23	1081	-5	-1	0	42070
98	-20	1077	-5	-1	0	42084
98	-9	1070	-5	0	0	42098
98	-4	1066	-5	0	0	42112
88	4	1061	-4	0	0	42141
104	18	1051	-5	0	0	42155
117	27	1039	-6	1	0	42172
132	20	1045	-7	1	0	42186
148	16	1031	-8	0	0	42200
135	12	1047	-7	0	0	42214
122	15	1024	-6	0	0	42242
108	26	980	-6	1	0	42256
96	42	957	-5	2	0	42270
144	75	821	-9	5	0	42284
159	124	708	-12	9	0	42298
65	73	555	-6	7	0	42312
-85	-157	418	10	-20	0	42343
-40	-101	187	10	-27	0	42357
-25	-226	252	4	-41	0	42371
-41	-164	220	8	-36	0	42385
-89	-236	231	15	-43	0	42399
-62	-278	122	11	-63	0	42413
-25	54	96	12	28	0	42444
-6	2	80	4	1	0	42458
-40	-46	125	16	-19	0	42472
-18	10	80	12	6	0	42486
-2	-6	82	1	-4	0	42500
-4	-8	100	2	-4	0	42514
-4	-4	91	2	-2	0	42531
6	-9	99	-3	-5	0	42559
11	-33	123	-5	-14	3	42574
12	-67	143	-4	-24	3	42589
266	648	3742	-4	9	3	42603
508	-427	5839	-4	-4	3	42617
-186	-1320	9819	1	-7	3	42631
-5	153	3225	0	2	3	42660
56	157	1610	-1	5	3	42674
136	217	865	-8	13	3	42688
-15	637	-317	1	63	3	42702
-143	163	-240	26	30	3	42717
-57	27	36	51	21	3	42732
-18	-20	102	9	-10	3	42762
-34	40	74	21	26	3	42776
-3	4	78	2	2	3	42791
17	-17	93	-10	-10	3	42805
9	-16	98	-5	-9	3	42820
4	-5	73	-3	-3	3	42838
8	-4	89	-4	-2	3	42852
2	-7	101	-1	-4	3	42881
294	98	219	-50	15	3	42895
546	282	1094	-25	13	3	42910
338	-188	2009	-9	-5	3	42925
48	-284	2889	0	-5	3	42942
-98	-202	3143	1	-3	3	42956
311	196	2270	-7	4	3	42985
448	154	1776	-14	4	3	42999
434	132	1189	-19	5	3	43013
333	95	890	-20	5	3	43027
214	123	397	-27	15	3	43044
212	23	301	-35	3	3	43059
103	-23	529	-10	-2	3	43087
60	-66	615	-5	-6	3	43102
278	11	896	-17	0	3	43116
382	82	1084	-19	4	3	43131
494	51	1258	-21	2	3	43145
520	48	1335	-21	1	3	43159
373	-48	1284	-16	-2	3	43187
306	-68	1211	-14	-3	3	43202
268	-67	1111	-13	-3	3	43216
260	-60	1080	-13	-3	3	43230
252	-24	1038	-13	-1	3	43245
209	-20	1031	-11	-1	3	43260
139	-1	988	-8	0	3	43289
155	-21	994	-8	-1	3	43304
129	-23	1033	-7	-1	3	43319
158	-9	1058	-8	0	3	43333
133	-4	1064	-7	0	3	43351
105	3	1093	-5	0	3	43365
59	4	1105	-3	0	3	43394
112	-10	1097	-5	0	3	43408
117	27	1089	-6	1	3	43422
47	31	1082	-2	1	3	43436
8	38	1074	0	2	3	43453
15	36	1069	0	1	3	43468
19	25	1041	-1	1	3	43482
-22	28	1026	1	1	3	43511
-27	35	1036	1	1	3	43525
-17	21	1037	0	1	3	43539
-30	9	1055	1	0	3	43557
-14	8	1064	0	0	3	43572
80	50	1012	-4	2	0	44586
60	54	1039	-3	2	0	44617
17	9	1077	0	0	0	44631
62	29	1027	-3	1	0	44645
66	3	1008	-3	0	0	44659
63	11	1006	-3	0	0	44673
52	29	964	-3	1	0	44688
34	21	974	-1	1	0	44702
-11	-38	1000	0	-2	0	44730
-19	-29	1009	1	-1	0	44744
-37	-3	1013	2	0	0	44758
-46	14	1000	2	0	0	44773
-19	1	991	1	0	0	44788
-69	-18	990	3	-1	0	44802
-71	-27	1051	3	-1	0	44832
-50	-38	1081	2	-2	0	44848
-37	-50	1081	1	-2	0	44862
-4	-44	1081	0	-2	0	44876
0	-40	1091	0	-2	0	44891
-25	-8	1068	1	0	0	44905
-38	3	1051	2	0	0	44919
-39	-7	1073	2	0	0	44947
-82	-1	1115	4	0	0	44961
-47	11	1120	2	0	0	44975
-5	-6	1138	0	0	0	44992
3	-1	1132	0	0	0	45006
60	21	1068	-3	1	0	45020
-10	-29	1077	0	-1	0	45048
-29	-14	1066	1	0	0	45062
8	-1	1019	0	0	0	45076
26	-4	1022	-1	0	0	45093
41	-22	979	-2	-1	0	45107
32	-27	972	-1	-1	0	45121
-17	-14	1091	0	0	0	45164
-16	-37	1103	0	-1	0	45178
-33	42	1111	1	2	0	45192
-53	50	1119	2	2	0	45206
-58	55	1113	3	2	0	45220
-62	80	1130	3	4	0	45234
-15	79	1091	0	4	0	45262
-12	64	1078	0	3	0	45276
-1	45	1059	0	2	0	45291
10	40	1054	0	2	0	45306
29	22	1053	-1	1	0	45320
28	16	1060	-1	0	0	45334
39	15	1069	-2	0	0	45363
43	23	1076	-2	1	0	45377
43	27	1080	-2	1	0	45392
26	38	1070	-1	2	0	45407
17	43	1069	0	2	0	45421
12	43	1065	0	2	0	45435
5	36	1058	0	1	0	45449
4	28	1062	0	1	0	45477
0	28	1065	0	1	0	45492
4	31	1061	0	1	0	45507
7	38	1065	0	2	0	45521
15	39	1065	0	2	0	45535
12	36	1069	0	1	0	45549
15	32	1069	0	1	0	45563
13	31	1066	0	1	0	45591
12	31	1072	0	1	0	45607
5	35	1066	0	1	0	45621
4	39	1062	0	2	0	45635
4	36	1065	0	1	0	45649
7	35	1065	0	1	0	45664
15	35	1069	0	1	0	45692
19	28	1065	-1	1	0	45706
13	35	1069	0	1	0	45720
15	35	1065	0	1	0	45734
9	32	1065	0	1	0	45748
8	31	1061	0	1	0	45762
8	28	1068	0	1	0	45778
8	35	1065	0	1	0	45809
11	32	1065	0	1	0	45823
15	35	1061	0	1	0	45838
16	35	1065	0	1	0	45852
5	32	1069	0	1	0	45866
11	35	1062	0	1	0	45880
8	39	1058	0	2	0	45894
8	32	1062	0	1	0	45926
15	35	1068	0	1	0	45940
16	32	1069	0	1	0	45954
12	35	1069	0	1	0	45968
12	32	1062	0	1	0	45982
12	31	1065	0	1	0	45996
8	35	1061	0	1	0	46025
11	35	1061	0	1	0	46039
15	35	1065	0	1	0	46053
16	35	1065	0	1	0	46067
12	35	1065	0	1	0	46081
12	32	1065	0	1	0	46095
8	31	1069	0	1	0	46111
12	32	1069	0	1	0	46140
12	35	1065	0	1	0	46154
8	32	1062	0	1	0	46171
11	35	1065	0	1	0	46185
5	32	1069	0	1	0	46199
8	35	1062	0	1	0	46213
12	31	1069	0	1	0	46242
12	31	1065	0	1	0	46255
8	35	1062	0	1	0	46269
8	32	1065	0	1	0	46283
15	35	1065	0	1	0	46297
16	32	1065	0	1	0	46311
12	31	1069	0	1	0	46326
15	35	1065	0	1	0	46354
16	39	1061	0	2	0	46368
9	32	1065	0	1	0	46382
8	35	1069	0	1	0	46396
11	35	1062	0	1	0	46411
12	35	1065	0	1	0	46426
15	35	1068	0	1	0	46468
12	32	1065	0	1	0	46482
12	35	1069	0	1	0	46496
12	35	1069	0	1	0	46510
12	35	1065	0	1	0	46527
12	32	1062	0	1	0	46542
11	35	1065	0	1	0	46570
12	32	1069	0	1	0	46584
5	31	1062	0	1	0	46598
8	31	1065	0	1	0	46612
4	31	1061	0	1	0	46629
8	31	1061	0	1	0	46643
8	31	1065	0	1	0	46657
8	28	1065	0	1	0	46687
8	35	1065	0	1	0	46701
11	32	1061	0	1	0	46715
15	35	1068	0	1	0	46729
9	32	1065	0	1	0	46744
11	31	1069	0	1	0	46758
5	35	1062	0	1	0	46786
8	32	1065	0	1	0	46800
8	31	1069	0	1	0	46814
18	35	1062	-1	1	0	46829
5	35	1061	0	1	0	46844
15	32	1061	0	1	0	46858
9	31	1061	0	1	0	46872
12	32	1061	0	1	0	46901
12	35	1065	0	1	0	46915
8	32	1065	0	1	0	46930
11	35	1065	0	1	0	46944
12	32	1061	0	1	0	46958
8	31	1065	0	1	0	46972
11	31	1069	0	1	0	46986
12	35	1065	0	1	0	47014
12	32	1061	0	1	0	47028
8	35	1068	0	1	0	47043
11	32	1065	0	1	0	47057
12	35	1062	0	1	0	47071
15	39	1068	0	2	0	47085
