7	33	1022	1	0	0	33
22	7	1089	0	-1	0	47
-12	18	1060	0	0	0	61
-12	-5	1054	0	0	0	75
41	3	1057	0	-2	0	92
68	11	1064	0	-3	0	106
53	1	1061	0	-2	0	120
65	7	1060	0	-3	0	147
56	4	1065	0	-3	0	161
55	4	1069	0	-2	0	175
44	4	1055	0	-2	0	189
19	0	1078	0	0	0	203
37	0	1073	0	-1	0	217
11	7	1066	0	0	0	231
8	4	1076	0	0	0	258
33	0	1066	0	-1	0	272
42	4	1076	0	-2	0	286
54	7	1059	0	-2	0	300
44	1	1075	0	-2	0	314
54	7	1073	0	-2	0	329
66	79	1076	4	-3	0	343
39	11	1055	0	-2	0	371
36	33	1032	1	-1	0	385
53	-14	1083	0	-2	0	399
69	-1	1070	0	-3	0	413
49	0	1080	0	-2	0	426
8	14	1035	0	0	0	441
29	-48	1066	-2	-1	0	455
62	18	1073	0	-3	0	483
31	2	1073	0	-1	0	497
0	4	1041	0	0	0	510
53	-14	1077	0	-2	0	526
37	16	1063	0	-2	0	540
57	9	1079	0	-3	0	554
20	1	1066	0	-1	0	568
11	14	1068	0	0	0	597
1	8	1076	0	0	0	612
-18	1	1066	0	0	0	627
-9	4	1069	0	0	0	641
-19	7	1065	0	1	0	655
-9	8	1065	0	0	0	669
13	8	1083	0	0	0	683
8	18	1088	0	0	0	697
2	-2	1059	0	0	0	724
39	-4	1043	0	-2	0	738
85	-7	1081	0	-4	0	752
79	3	1074	0	-4	0	766
103	-3	1073	0	-5	0	780
99	-7	1073	0	-5	0	794
90	-4	1068	0	-4	0	822
66	3	1072	0	-3	0	836
49	4	1062	0	-2	0	851
12	0	1061	0	0	0	864
8	11	1068	0	0	0	878
22	8	1065	0	-1	0	892
41	1	1069	0	-2	0	906
50	0	1072	0	-2	0	920
67	0	1069	0	-3	0	948
17	7	1069	0	0	0	962
19	8	1072	0	-1	0	975
20	4	1059	0	-1	0	989
13	4	1064	0	0	0	1003
22	7	1061	0	-1	0	1017
20	4	1061	0	-1	0	1031
24	7	1079	0	-1	0	1060
34	8	1073	0	-1	0	1074
39	1	1091	0	-2	0	1088
46	4	1068	0	-2	0	1103
33	4	1065	0	-1	0	1117
25	-3	1062	0	-1	0	1131
24	3	1072	0	-1	0	1145
13	5	1051	0	0	0	1173
40	0	1074	0	-2	0	1187
57	7	1059	0	-3	0	1201
62	1	1068	0	-3	0	1214
70	-11	1065	0	-3	0	1228
42	-1	1062	0	-2	0	1243
20	1	1061	0	-1	0	1271
16	0	1065	0	0	0	1285
12	11	1065	0	0	0	1299
-2	5	1072	0	0	0	1313
-7	4	1059	0	0	0	1327
-1	4	1086	0	0	0	1341
-7	7	1067	0	0	0	1356
-4	8	1094	0	0	0	1370
29	42	1042	2	-1	0	1398
102	-6	1066	0	-5	0	1412
120	-22	1072	-1	-6	0	1425
100	-2	1020	0	-5	0	1441
81	-14	1089	0	-4	0	1456
75	-9	1064	0	-4	0	1470
33	-3	1074	0	-1	0	1498
14	3	1052	0	0	0	1512
-6	7	1067	0	0	0	1526
-4	4	1069	0	0	0	1540
3	4	1062	0	0	0	1554
-3	-3	1068	0	0	0	1568
10	0	1072	0	0	0	1583
44	4	1062	0	-2	0	1612
40	0	1072	0	-2	0	1626
53	0	1069	0	-2	0	1640
51	0	1069	0	-2	0	1655
48	0	1065	0	-2	0	1670
47	0	1065	0	-2	0	1684
33	0	1069	0	-1	0	1698
17	4	1065	0	0	0	1726
23	0	1065	0	-1	0	1740
27	0	1069	0	-1	0	1755
31	0	1062	0	-1	0	1769
38	0	1065	0	-2	0	1783
36	-4	1069	0	-1	0	1797
42	0	1072	0	-2	0	1811
62	0	1087	0	-3	0	1839
17	-4	1064	0	0	0	1854
72	-7	1076	0	-3	0	1869
4	3	1070	0	0	0	1883
71	4	1076	0	-3	0	1897
28	4	1073	0	-1	0	1911
66	-3	1076	0	-3	0	1925
43	0	1070	0	-2	0	1953
54	7	1055	0	-2	0	1968
34	1	1064	0	-1	0	1982
35	0	1065	0	-1	0	1996
18	0	1061	0	0	0	2010
27	4	1065	0	-1	0	2024
-7	-14	1057	0	0	0	2069
24	13	1068	0	-1	0	2083
24	15	1062	0	-1	0	2096
48	2	1075	0	-2	0	2110
72	0	1063	0	-3	0	2125
71	7	1065	0	-3	0	2139
45	-3	1071	0	-2	0	2167
40	0	1062	0	-2	0	2181
15	0	1072	0	0	0	2196
9	-4	1069	0	0	0	2209
4	-4	1073	0	0	0	2223
15	3	1069	0	0	0	2237
23	4	1069	0	-1	0	2251
32	-3	1062	0	-1	0	2279
46	0	1068	0	-2	0	2293
51	0	1065	0	-2	0	2307
44	4	1072	0	-2	0	2321
43	0	1066	0	-2	0	2335
36	0	1069	0	-1	0	2349
28	0	1065	0	-1	0	2363
24	0	1069	0	-1	0	2392
31	-4	1065	0	-1	0	2406
31	3	1069	0	-1	0	2420
39	0	1069	0	-2	0	2434
39	0	1069	0	-2	0	2448
46	4	1069	0	-2	0	2462
40	0	1065	0	-2	0	2476
36	0	1069	0	-1	0	2504
35	4	1065	0	-1	0	2518
42	4	1065	0	-2	0	2532
43	4	1069	0	-2	0	2546
54	4	1069	0	-2	0	2559
66	0	1080	0	-3	0	2574
63	0	1070	0	-3	0	2588
83	10	1076	0	-4	0	2620
100	29	1063	1	-5	0	2634
141	38	1068	2	-7	0	2647
134	46	1069	2	-7	0	2661
155	-45	1062	-2	-8	0	2677
129	63	1047	3	-6	0	2691
160	-9	1016	0	-8	0	2719
161	-26	1081	-1	-8	0	2733
246	19	1028	1	-13	0	2747
230	12	1061	0	-12	0	2760
232	79	1012	4	-12	0	2775
235	-10	1095	0	-12	0	2790
343	-154	1102	-7	-17	0	2817
250	66	1023	3	-13	0	2831
273	-121	1054	-6	-14	0	2845
310	83	961	4	-17	0	2859
310	15	1041	0	-16	0	2873
378	19	953	1	-21	0	2888
292	126	1117	6	-14	0	2902
176	198	1191	9	-8	0	2930
534	76	975	3	-28	0	2944
326	333	1095	16	-15	0	2958
507	-186	1132	-8	-23	0	2972
228	-50	1132	-2	-11	0	2985
171	-104	1287	-4	-7	0	3000
411	-77	922	-4	-23	0	3028
306	3	1111	0	-15	0	3041
374	-166	918	-9	-21	0	3055
582	72	813	4	-35	0	3069
334	-159	1355	-6	-13	0	3084
476	186	938	10	-26	0	3098
32	-197	1299	-8	-1	0	3127
332	196	717	13	-24	0	3140
83	76	1271	3	-3	0	3155
252	163	1086	8	-12	0	3168
75	-383	1329	-16	-3	0	3182
-109	11	1321	0	4	0	3197
306	845	509	54	-17	0	3224
-221	60	1105	3	11	0	3238
862	-26	836	-1	-45	0	3252
100	-243	1318	-10	-4	0	3266
526	-626	952	-29	-24	0	3280
824	-399	842	-18	-41	0	3297
478	-218	968	-11	-25	0	3325
228	106	1250	4	-10	0	3339
433	304	960	16	-23	0	3353
673	-86	991	-4	-34	0	3367
626	370	1178	15	-26	0	3381
625	-104	708	-6	-41	0	3395
-75	253	1241	11	3	0	3422
413	-410	580	-29	-30	0	3436
-111	-197	1473	-7	4	0	3450
406	-44	996	-2	-22	0	3464
550	-128	496	-9	-47	0	3478
-150	153	1040	8	8	0	3492
-34	-238	865	-15	2	0	3521
-506	-45	1034	-2	26	0	3535
346	-213	1228	-9	-15	0	3549
-149	-322	1170	-15	7	0	3562
-761	131	1076	5	35	0	3577
-27	-111	918	-6	1	0	3592
2	-209	896	-13	0	0	3620
329	-300	900	-17	-19	0	3634
-3083	1180	-3256	14	41	0	3648
-1812	1441	-1337	32	42	0	3662
-2010	544	973	13	60	0	3676
-618	596	-345	40	41	0	3690
-590	1284	553	57	22	0	3718
-1255	1409	897	42	36	0	3732
1693	587	1236	15	-51	0	3746
908	-104	1683	-3	-28	0	3760
-97	177	494	19	10	0	3774
-622	439	1379	16	23	0	3787
378	-60	1044	-3	-19	0	3818
56	-17	1084	0	-2	0	3832
80	-150	986	-8	-4	0	3845
100	3	1199	0	-4	0	3859
113	-78	1117	-3	-5	0	3873
78	35	989	2	-4	0	3887
49	-42	1070	-2	-2	0	3915
1	-18	1097	0	0	0	3928
21	34	1051	1	-1	0	3942
45	14	1064	0	-2	0	3956
22	19	1061	1	-1	0	3970
41	9	1051	0	-2	0	3983
47	12	1060	0	-2	0	3998
55	5	1069	0	-2	0	4026
44	1	1062	0	-2	0	4040
50	11	1072	0	-2	0	4055
40	12	1066	0	-2	0	4070
50	8	1072	0	-2	0	4084
33	8	1062	0	-1	0	4098
32	8	1072	0	-1	0	4112
36	4	1065	0	-1	0	4141
32	7	1061	0	-1	0	4155
39	8	1068	0	-2	0	4169
39	8	1069	0	-2	0	4183
32	8	1069	0	-1	0	4197
35	8	1062	0	-1	0	4212
32	8	1065	0	-1	0	4227
39	8	1072	0	-2	0	4255
36	8	1069	0	-1	0	4269
35	8	1069	0	-1	0	4283
39	8	1069	0	-2	0	4296
36	8	1072	0	-1	0	4311
35	8	1069	0	-1	0	4327
32	4	1069	0	-1	0	4342
31	7	1072	0	-1	0	4369
38	8	1069	0	-2	0	4386
36	8	1065	0	-1	0	4400
39	8	1069	0	-2	0	4415
36	8	1065	0	-1	0	4429
32	8	1069	0	-1	0	4443
35	8	1065	0	-1	0	4457
35	8	1069	0	-1	0	4484
35	8	1065	0	-1	0	4498
35	8	1069	0	-1	0	4512
39	4	1069	0	-2	0	4526
36	8	1062	0	-1	0	4540
35	4	1068	0	-1	0	4554
35	4	1055	0	-1	0	4568
42	36	1096	1	-2	0	4597
36	11	1079	0	-1	0	4610
18	-6	1077	0	0	0	4627
30	14	1073	0	-1	0	4642
31	23	1066	1	-1	0	4655
42	6	1079	0	-2	0	4669
39	5	1058	0	-2	0	4711
46	18	1075	0	-2	0	4725
40	9	1070	0	-2	0	4739
32	4	1065	0	-1	0	4754
35	8	1065	0	-1	0	4767
35	8	1069	0	-1	0	4781
35	11	1065	0	-1	0	4809
39	5	1065	0	-2	0	4824
36	18	1072	0	-1	0	4839
53	2	1066	0	-2	0	4853
41	11	1072	0	-2	0	4867
29	5	1066	0	-1	0	4881
38	0	1069	0	-2	0	4895
42	8	1062	0	-2	0	4923
40	4	1065	0	-2	0	4938
46	4	1072	0	-2	0	4952
51	7	1069	0	-2	0	4965
51	4	1073	0	-2	0	4979
48	11	1062	0	-2	0	4994
37	12	1068	0	-1	0	5008
25	11	1076	0	-1	0	5036
24	15	1066	0	-1	0	5050
45	33	1065	1	-2	0	5063
15	3	1065	0	0	0	5077
19	-35	1083	-1	-1	0	5091
37	18	1060	0	-2	0	5105
28	5	1072	0	-1	0	5119
32	0	1076	0	-1	0	5151
32	14	1063	0	-1	0	5165
28	1	1065	0	-1	0	5179
28	4	1065	0	-1	0	5192
42	11	1076	0	-2	0	5207
47	19	1063	1	-2	0	5220
40	2	1058	0	-2	0	5236
23	0	1076	0	-1	0	5264
13	25	1073	1	0	0	5278
12	17	1080	0	0	0	5292
44	-16	1063	0	-2	0	5306
82	-2	1090	0	-4	0	5320
58	21	1064	1	-3	0	5334
12	18	1063	0	0	0	5375
51	5	1090	0	-2	0	5389
9	18	1078	0	0	0	5403
36	9	1080	0	-1	0	5417
-32	8	1074	0	1	0	5431
-7	4	1059	0	0	0	5448
67	7	1042	0	-3	0	5476
53	22	1112	1	-2	0	5490
23	16	1080	0	-1	0	5504
31	-9	1081	0	-1	0	5517
35	3	1063	0	-1	0	5531
35	7	1054	0	-1	0	5545
42	11	1071	0	-2	0	5559
32	5	1072	0	-1	0	5588
0	11	1055	0	0	0	5602
14	36	1075	1	0	0	5616
16	39	1077	2	0	0	1
16	39	1077	2	0	0	1
16	39	1077	2	0	0	1
37	-3	1010	0	-2	0	17
36	-5	1052	0	-1	0	45
11	-8	1092	0	0	0	59
22	3	1061	0	-1	0	73
38	7	1072	0	-2	0	87
32	15	1055	0	-1	0	101
46	-6	1053	0	-2	0	115
54	-8	1078	0	-2	0	130
36	0	1071	0	-1	0	159
18	-7	1062	0	0	0	172
27	-1	1075	0	-1	0	187
24	3	1066	0	-1	0	201
34	0	1076	0	-1	0	215
35	0	1070	0	-1	0	229
50	4	1065	0	-2	0	244
44	4	1065	0	-2	0	258
32	0	1069	0	-1	0	286
35	0	1069	0	-1	0	300
42	4	1065	0	-2	0	314
43	0	1069	0	-2	0	328
40	0	1069	0	-2	0	343
36	0	1069	0	-1	0	357
35	4	1065	0	-1	0	371
39	0	1062	0	-2	0	399
43	-4	1068	0	-2	0	413
36	0	1072	0	-1	0	427
35	0	1069	0	-1	0	444
32	-4	1065	0	-1	0	458
35	0	1069	0	-1	0	472
43	0	1065	0	-2	0	513
40	0	1065	0	-2	0	527
39	0	1065	0	-2	0	541
36	0	1069	0	-1	0	556
39	0	1065	0	-2	0	570
36	-4	1069	0	-1	0	584
35	0	1065	0	-1	0	612
39	0	1065	0	-2	0	626
36	0	1069	0	-1	0	641
42	0	1072	0	-2	0	656
36	0	1069	0	-1	0	670
39	0	1065	0	-2	0	684
39	0	1069	0	-2	0	698
36	0	1069	0	-1	0	727
35	0	1069	0	-1	0	742
35	0	1065	0	-1	0	756
35	-4	1069	0	-1	0	770
32	-4	1069	0	-1	0	784
35	0	1065	0	-1	0	798
35	0	1069	0	-1	0	812
43	0	1073	0	-2	0	841
40	0	1069	0	-2	0	856
39	4	1069	0	-2	0	870
43	-3	1065	0	-2	0	884
36	0	1069	0	-1	0	898
43	4	1065	0	-2	0	912
36	0	1065	0	-1	0	927
36	0	1072	0	-1	0	957
39	0	1069	0	-2	0	971
39	0	1065	0	-2	0	985
39	0	1062	0	-2	0	999
39	-4	1068	0	-2	0	1013
36	0	1069	0	-1	0	1026
39	0	1062	0	-2	0	1040
40	0	1069	0	-2	0	1069
39	0	1065	0	-2	0	1083
39	0	1076	0	-2	0	1097
39	0	1063	0	-2	0	1111
36	0	1072	0	-1	0	1125
39	0	1069	0	-2	0	1139
35	0	1070	0	-1	0	1168
35	0	1069	0	-1	0	1182
35	0	1065	0	-1	0	1197
39	0	1069	0	-2	0	1211
36	0	1069	0	-1	0	1225
35	-4	1065	0	-1	0	1239
28	0	1069	0	-1	0	1252
36	-4	1065	0	-1	0	1280
39	3	1065	0	-2	0	1294
36	-3	1069	0	-1	0	1308
35	0	1065	0	-1	0	1322
39	0	1062	0	-2	0	1336
32	0	1068	0	-1	0	1352
42	-7	1055	0	-2	0	1381
40	-4	1068	0	-2	0	1395
36	0	1065	0	-1	0	1408
28	3	1065	0	-1	0	1423
38	0	1069	0	-2	0	1437
39	-4	1062	0	-2	0	1450
43	0	1072	0	-2	0	1467
40	0	1073	0	-2	0	1495
36	-4	1066	0	-1	0	1509
35	0	1069	0	-1	0	1524
32	0	1065	0	-1	0	1537
28	0	1065	0	-1	0	1551
45	0	1061	0	-2	0	1565
36	0	1073	0	-1	0	1609
28	0	1062	0	-1	0	1624
38	0	1065	0	-2	0	1638
43	-4	1061	0	-2	0	1652
43	-4	1068	0	-2	0	1666
43	0	1062	0	-2	0	1681
27	-4	1065	0	-1	0	1709
34	-4	1061	0	-1	0	1723
67	0	1068	0	-3	0	1737
106	0	1051	0	-5	0	1751
166	-25	1071	-1	-8	0	1766
165	-20	1048	-1	-8	0	1781
176	10	1068	0	-9	0	1809
124	19	1058	1	-6	0	1824
136	41	1033	2	-7	0	1838
144	1	1051	0	-7	0	1852
57	-3	1028	0	-3	0	1865
30	-75	1026	-4	-1	0	1879
53	-22	1096	-1	-2	0	1893
20	17	1088	0	-1	0	1922
90	37	1039	2	-4	0	1936
41	46	1087	2	-2	0	1950
50	-10	1081	0	-2	0	1965
40	-65	1088	-3	-2	0	1980
-24	-98	1043	-5	1	0	1994
60	14	1012	0	-3	0	2021
17	69	1014	3	0	0	2035
136	-18	1124	0	-6	0	2049
127	51	1064	2	-6	0	2063
-9	19	1065	1	0	0	2077
10	-41	1040	-2	0	0	2091
-59	-71	1066	-3	3	0	2105
29	45	1054	2	-1	0	2135
24	26	1085	1	-1	0	2149
-12	3	1102	0	0	0	2163
-8	57	1058	3	0	0	2177
-19	6	1071	0	0	0	2192
-9	-7	1062	0	0	0	2205
-1	10	1054	0	0	0	2219
9	-9	1057	0	0	0	2247
26	10	1061	0	-1	0	2261
73	8	1054	0	-3	0	2275
89	1	1078	0	-4	0	2289
87	-11	1045	0	-4	0	2303
101	-15	1045	0	-5	0	2317
185	3	1039	0	-10	0	2346
287	11	1080	0	-14	0	2360
319	-41	1130	-2	-15	0	2374
428	24	1100	1	-21	0	2387
478	-15	1076	0	-23	0	2401
568	-44	949	-2	-30	0	2415
651	49	880	2	-36	0	2429
1169	-32	831	-1	-54	0	2457
810	-67	1112	-2	-36	0	2471
1008	25	1027	1	-44	0	2484
1077	-132	934	-5	-48	0	2498
766	50	981	2	-37	0	2512
575	-151	1205	-6	-25	0	2526
629	400	909	19	-32	0	2554
381	701	894	35	-18	0	2567
795	523	981	22	-35	0	2581
921	162	1138	6	-38	0	2596
605	285	1186	12	-26	0	2610
1093	-219	440	-10	-65	0	2624
149	855	1364	31	-5	0	2652
1108	50	727	2	-56	0	2666
309	132	1371	5	-12	0	2680
1166	59	1000	2	-49	0	2696
1111	-61	1002	-2	-47	0	2710
1080	146	719	6	-55	0	2724
1265	33	505	1	-68	0	2752
-181	208	1126	10	9	0	2766
56	155	1078	8	-2	0	2779
377	267	624	20	-29	0	2793
16	242	1233	11	0	0	2808
143	14	1237	0	-6	0	2822
-161	-101	1109	-5	8	0	2851
-115	-190	1087	-9	5	0	2865
-394	-408	1577	-14	13	0	2879
604	232	1123	10	-27	0	2894
-707	-299	1386	-10	26	0	2912
-272	681	715	41	15	0	2926
-9340	1275	-561	7	81	0	2954
-2038	2225	25	47	42	0	2967
-225	307	-5	53	36	0	2982
830	-1087	1397	-33	-25	0	2996
882	-827	1356	-27	-29	0	3010
410	625	439	46	-28	0	3039
915	349	1731	10	-27	0	3053
176	396	997	21	-9	0	3066
297	-300	991	-16	-16	0	3080
574	-136	810	-7	-34	0	3094
29	273	1499	10	-1	0	3108
118	-159	1019	-8	-6	0	3149
136	-150	1089	-7	-7	0	3163
98	84	901	5	-6	0	3177
180	-101	1070	-5	-9	0	3190
251	15	1083	0	-13	0	3204
128	-193	1109	-9	-6	0	3219
227	-117	1146	-5	-11	0	3246
90	-15	988	0	-5	0	3261
-23	23	1082	1	1	0	3274
213	-86	1063	-4	-11	0	3288
219	-101	1097	-5	-11	0	3304
93	43	1012	2	-5	0	3319
95	-98	1125	-4	-4	0	3346
222	-56	1071	-2	-11	0	3360
199	-16	1122	0	-10	0	3374
144	30	1035	1	-7	0	3388
142	38	1016	2	-7	0	3403
78	32	1071	1	-4	0	3418
122	4	1075	0	-6	0	3446
72	-35	1105	-1	-3	0	3460
120	-7	1065	0	-6	0	3475
129	10	1083	0	-6	0	3488
133	5	1049	0	-7	0	3503
112	-7	1081	0	-5	0	3516
100	-11	1052	0	-5	0	3533
66	3	1058	0	-3	0	3561
60	-3	1071	0	-3	0	3575
34	0	1055	0	-1	0	3589
21	4	1060	0	-1	0	3603
9	7	1075	0	0	0	3617
1	4	1066	0	0	0	3632
0	4	1079	0	0	0	3646
4	4	1066	0	0	0	3674
15	4	1069	0	0	0	3688
26	4	1072	0	-1	0	3702
34	4	1069	0	-1	0	3716
39	0	1069	0	-2	0	3730
46	4	1065	0	-2	0	3744
47	4	1069	0	-2	0	3758
36	4	1072	0	-1	0	3786
35	4	1069	0	-1	0	3799
28	4	1073	0	-1	0	3815
31	0	1055	0	-1	0	3830
24	4	1075	0	-1	0	3844
55	-7	992	0	-3	0	3857
55	24	1047	1	-3	0	3871
122	15	1115	0	-6	0	3900
101	12	1031	0	-5	0	3914
98	-2	1097	0	-5	0	3929
81	25	1075	1	-4	0	3943
75	10	1052	0	-4	0	3957
32	-3	1085	0	-1	0	3971
-8	7	1079	0	0	0	3998
-1	-3	1081	0	0	0	4013
-25	42	1070	2	1	0	4028
-27	50	1069	2	1	0	4042
1	19	1073	1	0	0	4056
-3	-5	1069	0	0	0	4070
10	-1	1076	0	0	0	4084
14	1	1073	0	0	0	4112
12	4	1080	0	0	0	4127
12	4	1081	0	0	0	4142
1	7	1070	0	0	0	4156
-35	-10	1090	0	1	0	4170
0	-1	1032	0	0	0	4184
21	-21	1062	-1	-1	0	4198
53	12	1057	0	-2	0	4226
58	1	1057	0	-3	0	4241
73	-3	1057	0	-3	0	4255
71	0	1043	0	-3	0	4269
74	-14	1059	0	-4	0	4283
96	6	1089	0	-5	0	4297
98	8	1092	0	-5	0	1
-3	0	1050	0	0	0	28
53	39	1067	2	-2	0	42
16	-7	1051	0	0	0	56
12	17	1078	0	0	0	70
5	-2	1066	0	0	0	84
54	0	1083	0	-2	0	98
51	35	1046	1	-2	0	111
-31	12	1022	0	1	0	139
-3	12	1050	0	0	0	153
223	68	890	4	-13	0	167
-59	-170	1235	-7	2	0	180
26	-21	1174	-1	-1	0	194
10	-20	1115	-1	0	0	208
68	9	1063	0	-3	0	223
1	8	1090	0	0	0	251
0	4	1071	0	0	0	265
-4	0	1062	0	0	0	279
67	14	1072	0	-3	0	293
92	1	1069	0	-4	0	306
59	-14	1062	0	-3	0	323
24	-1	1061	0	-1	0	337
47	-3	1002	0	-2	0	17
86	42	1069	2	-4	0	31
143	54	1055	2	-7	0	45
127	5	1085	0	-6	0	59
30	-7	1067	0	-1	0	73
49	-11	1076	0	-2	0	87
19	27	1052	1	-1	0	101
11	-8	1068	0	0	0	129
-27	-11	1090	0	1	0	143
64	6	1085	0	-3	0	158
52	18	1064	0	-2	0	172
-2	-12	1065	0	0	0	186
0	-19	1061	-1	0	0	201
32	-5	1075	0	-1	0	214
44	4	1075	0	-2	0	244
40	0	1073	0	-2	0	258
11	-7	1066	0	0	0	272
47	-1	1076	0	-2	0	286
22	3	1073	0	-1	0	300
34	-3	1073	0	-1	0	314
28	0	1062	0	-1	0	328
32	4	1066	0	-1	0	355
10	7	1072	0	0	0	1
8	8	1073	0	0	0	1
61	36	1030	2	-3	0	17
56	-14	1051	0	-3	0	31
37	-12	1067	0	-2	0	45
36	2	1076	0	-1	0	59
7	4	1075	0	0	0	86
4	-3	1066	0	0	0	100
0	3	1065	0	0	0	114
-3	7	1069	0	0	0	128
3	8	1065	0	0	0	142
11	1	1065	0	0	0	156
22	4	1065	0	-1	0	170
31	0	1072	0	-1	0	184
42	7	1070	0	-2	0	213
32	4	1062	0	-1	0	227
28	7	1061	0	-1	0	241
20	-13	1065	0	-1	0	255
13	2	1069	0	0	0	269
33	14	1062	0	-1	0	283
21	5	1072	0	-1	0	297
27	6	1062	0	-1	0	325
31	36	1065	1	-1	0	340
21	-11	1065	0	-1	0	355
20	2	1058	0	-1	0	369
23	11	1054	0	-1	0	383
27	5	1071	0	-1	0	398
17	-3	1073	0	0	0	412
31	11	1072	0	-1	0	440
28	5	1069	0	-1	0	454
24	0	1069	0	-1	0	467
27	4	1065	0	-1	0	481
20	4	1069	0	-1	0	495
23	4	1065	0	-1	0	509
16	-3	1072	0	0	0	524
23	4	1069	0	-1	0	552
16	4	1069	0	0	0	568
16	0	1065	0	0	0	583
23	4	1072	0	-1	0	597
27	7	1073	0	-1	0	611
20	4	1073	0	-1	0	625
23	0	1073	0	-1	0	639
31	4	1069	0	-1	0	667
24	0	1065	0	-1	0	681
20	4	1069	0	-1	0	694
23	4	1072	0	-1	0	708
27	7	1066	0	-1	0	722
24	4	1065	0	-1	0	736
24	0	1065	0	-1	0	750
24	7	1069	0	-1	0	778
24	4	1069	0	-1	0	792
27	4	1062	0	-1	0	807
20	4	1065	0	-1	0	822
20	4	1072	0	-1	0	836
23	0	1069	0	-1	0	850
20	0	1069	0	-1	0	865
23	0	1065	0	-1	0	879
24	0	1076	0	-1	0	907
20	0	1066	0	-1	0	922
20	4	1072	0	-1	0	936
20	4	1066	0	-1	0	950
23	0	1065	0	-1	0	964
20	4	1065	0	-1	0	978
20	4	1065	0	-1	0	992
27	4	1068	0	-1	0	1020
24	0	1069	0	-1	0	1035
20	4	1072	0	-1	0	1049
23	4	1069	0	-1	0	1063
27	0	1073	0	-1	0	1077
24	0	1069	0	-1	0	1091
24	0	1069	0	-1	0	1105
23	4	1072	0	-1	0	1136
20	4	1069	0	-1	0	1150
27	4	1069	0	-1	0	1164
20	4	1073	0	-1	0	1179
23	4	1073	0	-1	0	1193
24	4	1069	0	-1	0	1206
20	0	1069	0	-1	0	1220
23	4	1072	0	-1	0	1248
20	4	1066	0	-1	0	1262
27	4	1062	0	-1	0	1276
24	4	1068	0	-1	0	1290
24	4	1065	0	-1	0	1304
20	4	1069	0	-1	0	1319
16	0	1069	0	0	0	1334
27	4	1062	0	-1	0	1362
17	0	1058	0	0	0	1376
23	0	1064	0	-1	0	1389
20	4	1068	0	-1	0	1403
23	0	1065	0	-1	0	1417
20	4	1065	0	-1	0	1432
20	0	1065	0	-1	0	1446
27	0	1069	0	-1	0	1474
20	0	1065	0	-1	0	1488
23	4	1069	0	-1	0	1502
20	4	1069	0	-1	0	1516
20	4	1065	0	-1	0	1533
20	0	1065	0	-1	0	1547
20	0	1069	0	-1	0	1560
16	4	1069	0	0	0	1589
23	4	1065	0	-1	0	1603
24	4	1065	0	-1	0	1617
24	4	1065	0	-1	0	1631
24	4	1065	0	-1	0	1646
24	0	1065	0	-1	0	1660
20	4	1069	0	-1	0	1674
23	4	1069	0	-1	0	1702
20	0	1065	0	-1	0	1716
16	4	1065	0	0	0	1730
23	4	1065	0	-1	0	1745
20	0	1069	0	-1	0	1759
23	4	1069	0	-1	0	1773
24	4	1069	0	-1	0	1787
20	4	1065	0	-1	0	1818
23	4	1069	0	-1	0	1832
20	0	1065	0	-1	0	1846
16	0	1069	0	0	0	1860
9	4	1072	0	0	0	1875
15	4	1069	0	0	0	1889
30	0	1069	0	-1	0	1903
42	7	1065	0	-2	0	1931
57	11	1072	0	-3	0	1945
34	5	1069	0	-1	0	1959
35	4	1065	0	-1	0	1973
42	11	1072	0	-2	0	1987
25	5	1055	0	-1	0	2000
27	4	1075	0	-1	0	2014
35	1	1073	0	-1	0	2045
50	14	1073	0	-2	0	2059
40	1	1080	0	-2	0	2073
43	14	1059	0	-2	0	2086
36	-13	1064	0	-1	0	2101
28	-8	1083	0	-1	0	2115
45	10	1056	0	-2	0	2129
28	0	1072	0	-1	0	2157
45	0	1059	0	-2	0	2170
12	7	1071	0	0	0	2184
5	4	1059	0	0	0	2198
0	4	1079	0	0	0	2212
-7	7	1073	0	0	0	2226
14	7	1065	0	0	0	2270
23	4	1076	0	-1	0	2284
23	4	1066	0	-1	0	2298
27	0	1069	0	-1	0	2312
38	4	1072	0	-2	0	2326
39	4	1073	0	-2	0	2340
6	3	1058	0	0	0	2381
18	4	1068	0	0	0	2395
23	0	1062	0	-1	0	2409
24	4	1065	0	-1	0	2423
17	4	1065	0	0	0	2437
41	4	1072	0	-2	0	2451
24	7	1073	0	-1	0	2493
34	1	1073	0	-1	0	2507
32	-3	1073	0	-1	0	2522
17	0	1066	0	0	0	2536
2	4	1065	0	0	0	2550
14	4	1069	0	0	0	2564
23	4	1062	0	-1	0	2592
24	0	1068	0	-1	0	2606
24	0	1072	0	-1	0	2620
24	0	1062	0	-1	0	2634
34	-4	1065	0	-1	0	2648
32	3	1069	0	-1	0	2663
21	4	1065	0	-1	0	2677
20	4	1069	0	-1	0	2705
20	0	1072	0	-1	0	2718
20	-3	1076	0	-1	0	2733
16	-4	1073	0	0	0	2747
23	0	1066	0	-1	0	2761
20	0	1069	0	-1	0	2776
34	7	1065	0	-1	0	2790
28	3	1066	0	-1	0	2818
31	4	1065	0	-1	0	2831
17	4	1076	0	0	0	2845
16	4	1066	0	0	0	2859
19	4	1069	0	-1	0	2874
20	-3	1062	0	-1	0	2888
20	-14	1072	0	-1	0	2902
49	22	1054	1	-2	0	2930
79	9	1075	0	-4	0	2944
256	96	1105	4	-12	0	2959
316	-12	1147	0	-15	0	2973
410	-68	1105	-3	-20	0	2987
395	-39	1048	-1	-20	0	3001
560	4	980	0	-29	0	3029
604	-74	1057	-3	-29	0	3044
711	99	930	4	-37	0	3058
641	17	1172	0	-28	0	3072
711	157	740	8	-43	0	3086
414	164	1163	7	-19	0	3100
712	121	992	5	-35	0	3128
637	2	1291	0	-26	0	3141
962	0	854	0	-48	0	3155
354	-241	1175	-11	-16	0	3169
545	337	786	19	-32	0	3183
613	-83	818	-4	-36	0	3197
447	-51	1008	-2	-23	0	3211
134	348	1280	15	-5	0	3238
410	-301	1118	-14	-19	0	3252
465	380	780	22	-28	0	3267
-10	-135	1192	-6	0	0	3281
473	195	1014	9	-24	0	3295
8	-285	1371	-11	0	0	3309
457	-362	1034	-17	-22	0	3337
371	-538	1189	-23	-15	0	3350
585	-245	777	-14	-35	0	3365
359	503	746	31	-21	0	3380
393	-105	881	-6	-23	0	3394
716	429	103	30	-58	0	3435
-13	-290	1132	-14	0	0	3449
370	-132	1408	-5	-14	0	3463
667	-201	830	-10	-37	0	3478
45	-59	1073	-3	-2	0	3492
814	-700	1000	-28	-33	0	3520
548	-650	868	-32	-26	0	3535
58	-90	1240	-4	-2	0	3549
384	-136	633	-10	-30	0	3563
555	-134	343	-11	-56	0	3576
-362	-1113	2008	-28	8	0	3590
399	-401	592	-29	-29	0	3618
139	-1543	1548	-44	-3	0	3632
78	-713	1633	-23	-2	0	3645
291	-206	952	-11	-16	0	3659
581	-452	933	-22	-29	0	3675
147	-788	1441	-28	-5	0	3689
272	-143	539	-13	-25	0	3717
508	-145	1009	-7	-26	0	3731
511	-662	840	-33	-25	0	3745
-143	-349	1092	-17	7	0	3759
654	-541	1089	-23	-28	0	3772
-58	-977	1308	-36	2	0	3787
-6873	-5233	-98	-37	52	0	3815
-2222	-1733	874	-35	48	0	3829
605	-163	1580	-5	-20	0	3844
-1248	-48	381	-2	72	0	3858
98	-1006	1849	-28	-2	0	3873
-527	-2203	4407	-26	6	0	3902
750	-2123	3150	-33	-11	0	3915
775	237	704	12	-46	0	3929
-71	289	336	40	9	0	3944
251	71	225	11	-46	0	3957
-1800	67	2587	1	34	0	3971
143	354	411	39	-14	0	4000
294	-244	529	-21	-26	0	4014
-427	-169	1549	-6	15	0	4027
-159	36	1640	1	5	0	4041
2	-49	730	-3	0	0	4055
-102	-337	526	-32	9	0	4069
230	-152	996	-8	-12	0	4099
-1158	-793	2392	-16	24	0	4113
-685	614	2075	15	17	0	4126
264	-158	558	-14	-24	0	4140
553	-292	353	-23	-50	0	4154
-224	-588	1202	-25	9	0	4168
109	-647	855	-36	-5	0	4195
-668	285	1196	11	28	0	4209
-138	149	1163	7	6	0	4223
-353	61	721	4	26	0	4237
-191	-104	1271	-4	8	0	4251
-8	177	1114	9	0	0	4264
-212	-79	1056	-4	11	0	4292
46	-22	1124	-1	-2	0	4307
-48	-133	979	-7	2	0	4321
-359	11	1262	0	15	0	4335
145	-6	1109	0	-7	0	4350
-32	268	910	16	1	0	4364
85	-85	984	-4	-4	0	4406
-62	-200	1365	-8	2	0	4420
-151	-66	1208	-3	7	0	4434
-270	22	1288	0	11	0	4448
47	94	783	6	-3	0	4462
-183	-341	1337	-14	7	0	4476
-207	-183	1161	-8	9	0	4505
-60	-167	1170	-8	2	0	4519
-158	-70	1288	-3	6	0	4532
189	-46	1059	-2	-10	0	4546
-200	-82	1330	-3	8	0	4560
-6	-121	1109	-6	0	0	4575
-257	-155	1346	-6	10	0	4602
-295	-86	1192	-4	13	0	4617
-256	16	1255	0	11	0	4631
-181	-232	1112	-11	9	0	4644
-329	200	1056	10	17	0	4658
222	-33	1138	-1	-11	0	4672
-72	327	1085	16	3	0	4700
46	-123	865	-8	-3	0	4715
-342	168	1098	8	17	0	4729
111	-149	1097	-7	-5	0	4742
156	-217	909	-13	-9	0	4756
-448	180	1064	8	22	0	4770
67	-195	854	-12	-4	0	4799
-365	133	1369	5	14	0	4813
-40	-79	1170	-3	1	0	4827
91	-142	1033	-7	-5	0	4840
-104	191	1161	9	5	0	4854
7	-91	905	-5	0	0	4868
-172	84	1002	4	9	0	4913
-74	12	1108	0	3	0	4926
35	65	1020	3	-1	0	4940
-39	-78	1029	-4	2	0	4954
-7	13	1139	0	0	0	4968
-139	26	1203	1	6	0	4982
-68	-84	1094	-4	3	0	5013
-14	80	1001	4	0	0	5027
101	43	1083	2	-5	0	5041
-78	57	1074	3	4	0	5055
-40	-12	1013	0	2	0	5069
-138	-111	1141	-5	6	0	5083
-116	14	892	0	7	0	5098
5	143	1077	7	0	0	5127
-180	11	1112	0	9	0	5141
-198	-2	1116	0	10	0	1
-73	28	1045	1	3	0	17
-82	28	1070	1	4	0	31
-79	24	1051	1	4	0	45
-26	2	1081	0	1	0	59
96	41	1034	2	-5	0	87
130	-6	1090	0	-6	0	100
108	-1	1071	0	-5	0	114
25	35	1023	1	-1	0	128
91	-11	1082	0	-4	0	142
94	-19	1063	-1	-5	0	158
103	15	1076	0	-5	0	186
74	5	1063	0	-3	0	200
43	-3	1079	0	-2	0	214
36	3	1066	0	-1	0	228
32	0	1072	0	-1	0	242
17	11	1062	0	0	0	256
12	12	1058	0	0	0	270
0	8	1065	0	0	0	298
4	11	1069	0	0	0	312
0	12	1065	0	0	0	326
0	8	1072	0	0	0	340
7	11	1069	0	0	0	355
11	8	1073	0	0	0	370
15	4	1069	0	0	0	384
16	4	1065	0	0	0	398
24	4	1069	0	-1	0	426
34	7	1065	0	-1	0	440
28	4	1062	0	-1	0	454
28	8	1068	0	-1	0	469
31	4	1069	0	-1	0	482
24	8	1065	0	-1	0	496
17	4	1065	0	0	0	510
12	8	1069	0	0	0	538
15	4	1065	0	0	0	552
19	4	1069	0	-1	0	569
23	4	1069	0	-1	0	583
24	4	1069	0	-1	0	597
27	4	1065	0	-1	0	610
24	7	1069	0	-1	0	625
20	8	1069	0	-1	0	654
27	8	1065	0	-1	0	668
20	4	1069	0	-1	0	682
13	4	1069	0	0	0	696
19	7	1069	0	-1	0	710
23	8	1065	0	-1	0	724
24	8	1069	0	-1	0	738
23	8	1069	0	-1	0	779
24	8	1065	0	-1	0	793
20	8	1065	0	-1	0	807
20	8	1065	0	-1	0	821
16	4	1065	0	0	0	835
19	8	1069	0	-1	0	849
23	8	1065	0	-1	0	863
24	8	1065	0	-1	0	892
24	8	1065	0	-1	0	906
24	4	1065	0	-1	0	919
20	4	1069	0	-1	0	933
23	4	1072	0	-1	0	947
24	7	1069	0	-1	0	961
20	4	1069	0	-1	0	975
23	4	1065	0	-1	0	1003
24	8	1065	0	-1	0	1017
20	8	1069	0	-1	0	1031
27	8	1069	0	-1	0	1044
20	8	1065	0	-1	0	1058
20	8	1069	0	-1	0	1073
27	8	1072	0	-1	0	1088
23	8	1069	0	-1	0	1116
20	4	1065	0	-1	0	1130
23	8	1069	0	-1	0	1143
24	8	1065	0	-1	0	1157
20	8	1069	0	-1	0	1171
20	4	1065	0	-1	0	1185
23	8	1072	0	-1	0	1199
20	8	1069	0	-1	0	1227
23	8	1065	0	-1	0	1240
24	8	1065	0	-1	0	1254
20	8	1065	0	-1	0	1268
20	8	1069	0	-1	0	1283
20	4	1065	0	-1	0	1297
20	4	1072	0	-1	0	1311
20	7	1069	0	-1	0	1339
16	8	1069	0	0	0	1353
23	8	1069	0	-1	0	1367
24	8	1069	0	-1	0	1381
20	4	1065	0	-1	0	1395
23	8	1069	0	-1	0	1409
24	8	1069	0	-1	0	1423
24	8	1062	0	-1	0	1451
20	8	1068	0	-1	0	1464
23	11	1072	0	-1	0	1478
24	5	1073	0	-1	0	1493
24	8	1066	0	-1	0	1507
27	8	1072	0	-1	0	1521
20	8	1066	0	-1	0	1535
-30	89	1182	4	1	0	1563
43	-34	974	-1	-2	0	1578
-102	-49	1021	-2	5	0	1593
-10	13	1082	0	0	0	1607
-40	-292	1173	-13	1	0	1620
14	-29	1065	-1	0	0	1634
153	-73	1228	-3	-7	0	1677
72	-124	1099	-6	-3	0	1691
21	-493	1259	-21	0	0	1705
-76	-166	1081	-8	3	0	1718
-209	-70	989	-3	11	0	1732
-88	-240	1291	-10	3	0	1746
-105	-181	1227	-8	4	0	1774
-71	-160	1205	-7	3	0	1789
-67	-147	1153	-7	3	0	1803
-49	-146	1173	-7	2	0	1817
-40	-135	1161	-6	1	0	1831
-50	-194	1177	-9	2	0	1845
-76	-223	1088	-11	3	0	1874
-114	-231	1081	-11	5	0	1887
-178	-249	1155	-12	8	0	1901
-180	-230	1173	-10	8	0	1915
-163	-207	1189	-9	7	0	1929
-79	-183	993	-10	4	0	1970
-96	-209	1008	-11	5	0	1984
-70	-265	1102	-13	3	0	1998
-32	-249	1125	-12	1	0	2011
11	-195	1099	-10	0	0	2026
17	-2	892	0	-1	0	2068
2	-57	910	-3	0	0	2082
-28	-108	922	-6	1	0	2097
-20	-135	930	-8	1	0	2112
-37	-155	935	-9	2	0	2126
-29	-203	953	-12	1	0	2140
-6	-193	963	-11	0	0	2167
-11	-186	942	-11	0	0	2181
-8	-181	940	-10	0	0	2195
3	-199	957	-11	0	0	2210
25	-246	1012	-13	-1	0	2224
48	-247	1035	-13	-2	0	2238
69	-123	1031	-6	-3	0	2265
102	-171	1065	-9	-5	0	2279
113	-201	1097	-10	-5	0	2293
139	-204	1125	-10	-6	0	2307
145	-180	1135	-8	-7	0	2324
163	-167	1139	-8	-8	0	2338
172	-150	1119	-7	-8	0	2365
162	-171	1141	-8	-8	0	2379
147	-166	1150	-8	-7	0	2393
142	-116	1155	-5	-6	0	2406
142	-96	1134	-4	-7	0	2420
141	-123	1118	-6	-7	0	2434
126	-167	1145	-8	-6	0	2462
112	-165	1126	-8	-5	0	2475
96	-140	1089	-7	-5	0	2489
52	-88	1029	-4	-2	0	2503
19	-58	1015	-3	-1	0	2518
-2	-27	1025	-1	0	0	2532
4	-8	1022	0	0	0	2560
4	-57	1015	-3	0	0	2574
4	-94	1003	-5	0	0	2588
22	-108	1034	-5	-1	0	2604
52	-103	1062	-5	-2	0	2618
58	-88	1065	-4	-3	0	2631
52	-72	1069	-3	-2	0	2645
62	-35	1075	-1	-3	0	2673
66	-42	1116	-2	-3	0	2687
70	-33	1102	-1	-3	0	2700
71	-32	1083	-1	-3	0	2714
42	-35	1099	-1	-2	0	2729
25	-32	1111	-1	-1	0	2743
34	15	1129	0	-1	0	2770
49	-34	1110	-1	-2	0	2784
58	-60	1116	-3	-2	0	2798
73	-31	1105	-1	-3	0	2812
78	0	1087	0	-4	0	2826
89	11	1053	0	-4	0	2839
95	-25	996	-1	-5	0	2867
73	-48	984	-2	-4	0	2881
46	-47	976	-2	-2	0	2895
-2	-51	1007	-2	0	0	2909
-18	-48	1034	-2	0	0	2925
34	-19	1073	-1	-1	0	2939
109	-9	1108	0	-5	0	2952
-18	-21	1125	-1	0	0	2982
-51	9	1234	0	2	0	2996
16	40	1170	1	0	0	3011
-119	-70	1139	-3	5	0	3024
34	74	1097	3	-1	0	3039
10	-42	1029	-2	0	0	3053
30	-40	1029	-2	-1	0	3081
222	-32	1023	-1	-12	0	3095
242	-99	1015	-5	-13	0	3109
123	47	1095	2	-6	0	3126
171	100	1054	5	-9	0	3140
120	127	1244	5	-5	0	3154
150	37	1331	1	-6	0	3168
28	-121	1108	-6	-1	0	3196
243	2	1140	0	-12	0	3209
208	64	1104	3	-10	0	3224
81	-57	981	-3	-4	0	3239
206	-183	1159	-8	-9	0	3253
173	-114	1127	-5	-8	0	3267
115	-4	1027	0	-6	0	3294
36	-110	1090	-5	-1	0	3308
57	-117	1075	-6	-3	0	3322
94	-22	1165	-1	-4	0	3336
108	65	1114	3	-5	0	3350
131	21	1045	1	-7	0	3363
-44	-67	1085	-3	2	0	3391
10	-17	1085	0	0	0	3405
15	37	1032	2	0	0	3419
132	78	1086	4	-6	0	3435
70	40	1205	1	-3	0	3449
71	61	976	3	-4	0	3463
64	-36	1063	-1	-3	0	3477
67	74	1013	4	-3	0	3505
127	64	1148	3	-6	0	3518
41	-96	1052	-5	-2	0	3532
47	5	1046	0	-2	0	3547
65	25	1081	1	-3	0	3561
141	3	1088	0	-7	0	3576
132	-11	1064	0	-7	0	3604
116	13	1040	0	-6	0	3618
142	26	1055	1	-7	0	3633
99	-1	1053	0	-5	0	3648
77	18	1039	0	-4	0	3662
82	34	1055	1	-4	0	3676
90	18	1050	0	-4	0	3690
35	-37	1111	-1	-1	0	3717
99	-67	1084	-3	-5	0	3732
77	-70	1155	-3	-3	0	3747
-21	-11	1078	0	1	0	3761
26	10	1095	0	-1	0	3775
-26	4	1075	0	1	0	3789
3	2	1069	0	0	0	3832
22	0	1044	0	-1	0	3847
52	-4	1059	0	-2	0	3860
97	-11	1057	0	-5	0	3874
63	-5	1050	0	-3	0	3888
102	0	1078	0	-5	0	3902
70	1	1063	0	-3	0	3930
67	0	1065	0	-3	0	3944
28	4	1072	0	-1	0	3959
3	50	1090	2	0	0	3973
25	-59	1266	-2	-1	0	3987
41	15	1106	0	-2	0	4001
1	2	1129	0	0	0	4015
20	21	1073	1	-1	0	4043
16	6	1084	0	0	0	4057
19	15	1049	0	-1	0	4071
20	16	1056	0	-1	0	4085
27	-6	1082	0	-1	0	4098
35	3	1049	0	-1	0	4112
57	4	1060	0	-3	0	4126
22	2	1046	0	-1	0	4156
41	4	1074	0	-2	0	4170
25	7	1062	0	-1	0	4184
31	1	1068	0	-1	0	4198
17	-3	1062	0	0	0	4212
37	56	1043	3	-2	0	4226
28	23	1024	1	-1	0	4239
58	0	1061	0	-3	0	4267
34	21	1068	1	-1	0	4281
32	13	1072	0	-1	0	4295
35	5	1066	0	-1	0	4308
21	4	1072	0	-1	0	4322
27	4	1062	0	-1	0	4336
27	4	1072	0	-1	0	4351
28	4	1069	0	-1	0	4381
24	4	1065	0	-1	0	4394
31	4	1072	0	-1	0	4409
31	4	1066	0	-1	0	4424
35	4	1069	0	-1	0	4438
35	0	1062	0	-1	0	4452
32	4	1065	0	-1	0	4466
35	4	1069	0	-1	0	4494
32	7	1055	0	-1	0	4508
35	11	1071	0	-1	0	4522
39	1	1083	0	-2	0	4536
25	0	1060	0	-1	0	4550
56	4	1065	0	-2	0	4564
37	4	1065	0	-2	0	4579
47	-3	1072	0	-2	0	4607
44	3	1069	0	-2	0	4621
26	11	1065	0	-1	0	4635
34	5	1072	0	-1	0	4649
28	0	1069	0	-1	0	4663
24	7	1058	0	-1	0	4677
31	8	1079	0	-1	0	4691
25	4	1086	0	-1	0	4718
10	-3	1060	0	0	0	4732
8	14	1079	0	0	0	4746
18	12	1052	0	-1	0	4761
34	1	1081	0	-1	0	4776
53	0	1067	0	-2	0	4789
30	1	1065	0	-1	0	4817
3	4	1079	0	0	0	4832
18	7	1063	0	0	0	4846
30	1	1068	0	-1	0	4861
42	0	1065	0	-2	0	4875
57	7	1065	0	-3	0	4890
52	8	1076	0	-2	0	4903
14	18	1076	0	0	0	4945
19	19	1070	1	-1	0	4959
51	-2	1065	0	-2	0	4974
41	-4	1058	0	-2	0	4988
36	-4	1078	0	-1	0	5002
32	7	1059	0	-1	0	5016
46	4	1065	0	-2	0	5045
58	7	1061	0	-3	0	5059
48	4	1068	0	-2	0	5073
37	0	1062	0	-1	0	5087
25	0	1075	0	-1	0	5101
13	11	1077	0	0	0	5115
40	8	1077	0	-2	0	5128
22	0	1058	0	-1	0	5156
41	4	1061	0	-2	0	5170
32	4	1065	0	-1	0	5185
35	0	1072	0	-1	0	5199
28	4	1062	0	-1	0	5213
13	7	1061	0	0	0	1
-66	1	1012	0	3	0	16
-1	21	1086	1	0	0	45
25	-9	1078	0	-1	0	58
-5	13	1073	0	0	0	73
-11	-31	1062	-1	0	0	86
66	-3	1065	0	-3	0	101
88	39	1076	2	-4	0	116
83	14	1059	0	-4	0	130
35	5	1056	0	-1	0	157
42	15	1071	0	-2	0	171
4	1	1062	0	0	0	185
11	4	1058	0	0	0	200
33	4	1075	0	-1	0	214
99	0	1055	0	-5	0	227
49	-3	1082	0	-2	0	243
87	7	1075	0	-4	0	284
65	4	1066	0	-3	0	299
10	0	1069	0	0	0	313
-13	7	1072	0	0	0	326
-8	4	1076	0	0	0	340
-19	18	1087	0	0	0	3
-9	12	1025	0	0	0	16
73	-4	1078	0	-3	0	44
50	0	1073	0	-2	0	58
26	-18	1062	0	-1	0	72
-22	16	1051	0	1	0	86
23	19	1057	1	-1	0	100
48	-5	1078	0	-2	0	114
79	-1	1063	0	-4	0	128
87	4	1057	0	-4	0	157
86	0	1064	0	-4	0	171
44	-3	1076	0	-2	0	185
36	0	1066	0	-1	0	199
21	0	1062	0	-1	0	212
30	0	1072	0	-1	0	226
49	4	1083	0	-2	0	240
34	4	1073	0	-1	0	268
-4	4	1069	0	0	0	282
0	0	1069	0	0	0	296
-4	7	1062	0	0	0	310
17	11	1068	0	0	0	324
19	5	1062	0	-1	0	337
41	0	1065	0	-2	0	351
37	4	1073	0	-1	0	380
28	0	1069	0	-1	0	394
38	0	1065	0	-2	0	408
39	0	1072	0	-2	0	423
25	4	1073	0	-1	0	437
10	7	1059	0	0	0	451
1	1	1064	0	0	0	465
29	7	1065	0	-1	0	493
45	1	1065	0	-2	0	507
54	0	1069	0	-2	0	521
51	-4	1062	0	-2	0	535
33	0	1068	0	-1	0	549
49	7	1072	0	-2	0	564
58	8	1069	0	-3	0	579
18	7	1069	0	0	0	620
27	4	1062	0	-1	0	635
27	0	1065	0	-1	0	649
38	4	1065	0	-2	0	663
53	4	1069	0	-2	0	677
30	0	1069	0	-1	0	691
10	0	1072	0	0	0	705
7	-4	1069	0	0	0	732
22	7	1062	0	-1	0	746
66	8	1075	0	-3	0	760
70	8	1080	0	-3	0	774
14	1	1095	0	0	0	789
-9	7	1100	0	0	0	803
10	79	994	4	0	0	817
165	-15	1088	0	-8	0	844
80	-44	1074	-2	-4	0	858
82	-29	1094	-1	-4	0	874
83	-28	1043	-1	-4	0	888
51	22	1081	1	-2	0	902
9	27	1084	1	0	0	916
-6	45	1053	2	0	0	930
-27	-15	1071	0	1	0	958
-17	2	1069	0	0	0	971
-9	21	1073	1	0	0	986
-1	6	1055	0	0	0	1001
0	4	1068	0	0	0	1015
4	4	1058	0	0	0	1029
22	-3	1071	0	-1	0	1043
46	0	1069	0	-2	0	1072
51	3	1062	0	-2	0	1087
58	-3	1068	0	-3	0	1100
55	3	1072	0	-2	0	1114
62	14	1055	0	-3	0	1128
59	5	1068	0	-3	0	1143
23	-3	1068	0	-1	0	1185
6	0	1058	0	0	0	1198
1	-4	1061	0	0	0	1212
25	10	1050	0	-1	0	1226
38	-6	1078	0	-2	0	1240
25	-4	1070	0	-1	0	1254
36	8	1073	0	-1	0	1283
35	1	1073	0	-1	0	1298
11	7	1030	0	0	0	1312
58	-38	1083	-2	-3	0	1326
38	-4	1077	0	-2	0	1340
29	21	1059	1	-1	0	1354
59	2	1054	0	-3	0	1369
46	-1	1076	0	-2	0	1396
40	3	1063	0	-2	0	1410
22	0	1065	0	-1	0	1424
38	0	1069	0	-2	0	1438
36	0	1069	0	-1	0	1452
32	0	1065	0	-1	0	1466
35	4	1069	0	-1	0	1480
31	0	1062	0	-1	0	1507
28	0	1068	0	-1	0	1521
38	0	1069	0	-2	0	1535
39	0	1065	0	-2	0	1549
39	0	1069	0	-2	0	1563
32	0	1069	0	-1	0	1577
28	4	1069	0	-1	0	1591
34	0	1069	0	-1	0	1620
32	0	1069	0	-1	0	1634
39	4	1065	0	-2	0	1648
32	0	1069	0	-1	0	1664
35	4	1069	0	-1	0	1678
32	0	1065	0	-1	0	1693
35	4	1065	0	-1	0	1706
32	4	1065	0	-1	0	1734
35	0	1065	0	-1	0	1748
32	0	1069	0	-1	0	1762
31	4	1062	0	-1	0	1776
35	0	1068	0	-1	0	1790
35	0	1065	0	-1	0	1805
50	0	1079	0	-2	0	1819
45	-10	1081	0	-2	0	1846
58	6	1084	0	-3	0	1861
59	29	1081	1	-3	0	1875
80	38	1081	2	-4	0	1889
104	29	1081	1	-5	0	1903
120	21	1084	1	-6	0	1918
76	94	1032	5	-4	0	1932
132	22	1050	1	-7	0	1960
165	-15	1042	0	-9	0	1973
165	41	1027	2	-9	0	1987
261	64	1072	3	-13	0	2003
426	102	1108	4	-20	0	2017
506	109	1112	5	-24	0	2031
516	-43	1071	-2	-25	0	2059
533	95	924	5	-29	0	2074
407	41	948	2	-23	0	2088
455	-91	947	-4	-25	0	2102
233	69	972	3	-13	0	2116
345	-166	879	-10	-21	0	2130
461	-243	776	-15	-29	0	2158
188	-102	1036	-5	-10	0	2171
189	-311	1483	-11	-7	0	2185
892	273	1011	11	-40	0	2199
637	24	950	1	-33	0	2213
262	345	894	20	-15	0	2227
153	42	1020	2	-8	0	2256
228	-159	891	-9	-14	0	2269
9	-34	1263	-1	0	0	2283
213	265	883	16	-13	0	2297
205	-348	1125	-16	-9	0	2311
10	149	1177	7	0	0	2324
370	31	860	1	-23	0	2352
341	-92	1151	-4	-16	0	2366
536	-55	914	-2	-30	0	2380
411	-2	986	0	-22	0	2393
582	-82	1153	-3	-26	0	2409
182	13	1265	0	-8	0	2424
-60	23	1067	1	3	0	2438
-128	257	1580	9	4	0	2465
564	577	883	28	-28	0	2479
371	-551	965	-28	-18	0	2493
189	-274	1207	-12	-8	0	2507
603	-35	871	-1	-34	0	2522
824	340	497	19	-53	0	2536
1004	15	1076	0	-43	0	2564
1161	-501	624	-20	-55	0	2578
360	-146	1392	-5	-14	0	2591
1090	-96	737	-4	-55	0	2607
-36	-660	1276	-27	1	0	2622
424	-469	959	-24	-21	0	2636
-89	-562	1127	-26	4	0	2664
638	-594	912	-28	-30	0	2677
294	-735	1046	-34	-12	0	2691
259	-385	1077	-19	-12	0	2705
235	-703	1392	-26	-8	0	2719
264	-287	542	-25	-23	0	2746
12	-577	953	-31	0	0	2760
15	-128	1132	-6	0	0	2774
320	270	594	21	-26	0	2788
453	-129	636	-9	-34	0	2802
52	-1081	1401	-37	-1	0	2816
-264	1142	-795	53	10	0	2845
3107	-5499	-2626	-53	-27	0	2859
1230	274	-659	11	-59	0	2873
-178	1057	-328	70	9	0	2888
329	1407	374	70	-12	0	2902
-508	1644	20	72	17	0	2916
279	386	92	52	-35	0	2943
300	640	179	61	-24	0	2957
-274	78	559	7	25	0	2972
-349	291	569	23	28	0	2986
-4003	-2857	5207	-23	33	0	3000
-2282	-1283	4539	-14	25	0	3014
908	-741	586	-34	-43	0	3044
-29	-88	-270	-17	5	0	3058
-91	-232	663	-19	7	0	3072
69	5	300	0	-12	0	3086
318	146	518	13	-30	0	3102
318	-60	780	-4	-22	0	3116
-443	884	1198	34	16	0	3144
-182	927	657	53	9	0	3158
-18	-144	667	-12	1	0	3172
-302	-485	1517	-17	10	0	3186
387	-112	887	-6	-23	0	3199
-340	-344	1242	-14	14	0	3213
-413	-209	1311	-8	17	0	3243
5	25	1001	1	0	0	3257
61	-245	1342	-10	-2	0	3271
31	-35	1252	-1	-1	0	3285
53	-71	1048	-3	-2	0	3298
-200	-127	1339	-5	8	0	3312
40	-163	995	-9	-2	0	3340
-183	-218	1192	-10	8	0	3354
-32	190	1060	10	1	0	3367
-63	-144	1079	-7	3	0	3381
-49	-4	1105	0	2	0	3395
-256	-128	1356	-5	10	0	3409
-248	-1	933	0	14	0	3436
-311	35	953	2	18	0	3451
-166	-74	958	-4	9	0	3465
-34	-43	906	-2	2	0	3479
357	-47	1385	-1	-14	0	3493
209	-160	1444	-6	-8	0	3506
93	9	1442	0	-3	0	3550
-267	86	1078	4	13	0	3564
-288	-94	843	-6	18	0	3578
226	465	1011	24	-11	0	3592
344	-314	1618	-10	-11	0	3606
91	7	951	0	-5	0	3620
115	130	1127	6	-5	0	3648
107	38	993	2	-6	0	3662
-46	-78	1072	-4	2	0	3676
-111	183	967	10	6	0	3690
-8	-127	1172	-6	0	0	3704
123	97	1047	5	-6	0	3718
-32	-5	1111	0	1	0	3748
32	24	1013	1	-1	0	3762
21	9	1081	0	-1	0	3776
-19	75	1095	3	1	0	3789
37	36	1036	1	-2	0	3803
7	7	1069	0	0	0	3817
1	-17	1058	0	0	0	3831
20	22	1067	1	-1	0	3860
30	13	1055	0	-1	0	3874
28	12	1075	0	-1	0	3887
31	8	1052	0	-1	0	3901
35	8	1060	0	-1	0	3916
35	8	1065	0	-1	0	3930
42	1	1065	0	-2	0	3945
33	11	1062	0	-1	0	3973
28	12	1072	0	-1	0	3987
28	5	1062	0	-1	0	4001
31	8	1068	0	-1	0	4014
21	4	1065	0	-1	0	4028
27	8	1069	0	-1	0	4043
38	8	1065	0	-2	0	4058
50	16	1072	0	-2	0	4085
33	16	1069	0	-1	0	4099
35	12	1065	0	-1	0	4113
25	-2	1065	0	-1	0	4127
27	3	1061	0	-1	0	4141
27	11	1068	0	-1	0	4157
35	8	1065	0	-1	0	4171
27	14	1065	0	-1	0	4199
-11	-34	1076	-1	0	0	4213
31	-10	1070	0	-1	0	4227
31	10	1065	0	-1	0	4241
28	12	1076	0	-1	0	4255
35	5	1070	0	-1	0	4270
39	15	1064	0	-2	0	4297
25	5	1072	0	-1	0	4311
27	4	1062	0	-1	0	4325
31	15	1065	0	-1	0	4339
24	12	1065	0	-1	0	4353
34	8	1065	0	-1	0	4367
32	4	1061	0	-1	0	4381
43	16	1074	0	-2	0	4409
47	5	1045	0	-2	0	4423
51	4	1049	0	-2	0	4437
37	15	1070	0	-1	0	4451
46	9	1059	0	-2	0	4465
22	19	1071	0	-1	0	4479
20	-2	1055	0	-1	0	4493
17	15	1055	0	0	0	4520
26	12	1071	0	-1	0	4534
27	8	1062	0	-1	0	4548
27	15	1068	0	-1	0	4562
42	5	1062	0	-2	0	4577
43	8	1065	0	-2	0	4590
36	8	1065	0	-1	0	4604
12	5	1065	0	0	0	4632
12	11	1065	0	0	0	4646
12	12	1065	0	0	0	4661
5	15	1086	0	0	0	4676
43	33	1078	1	-2	0	4690
82	21	1049	1	-4	0	4703
86	16	1085	0	-4	0	4717
31	-14	1068	0	-1	0	4745
14	-16	1080	0	0	0	4759
51	13	1074	0	-2	0	4773
62	30	1059	1	-3	0	4786
56	21	1068	1	-2	0	1
55	20	1069	1	-2	0	9
13	9	1058	0	0	0	23
0	7	1066	0	0	0	51
-7	29	1076	1	0	0	65
-1	17	1041	0	0	0	80
11	-2	1080	0	0	0	94
33	14	1045	0	-1	0	108
70	1	1074	0	-3	0	122
57	0	1052	0	-3	0	137
60	-9	1092	0	-3	0	164
63	-4	1071	0	-3	0	178
38	24	1073	1	-2	0	192
39	17	1059	0	-2	0	206
18	9	1071	0	0	0	220
27	4	1066	0	-1	0	234
17	8	1062	0	0	0	247
28	9	1065	0	-1	0	277
38	4	1069	0	-2	0	291
39	8	1069	0	-2	0	305
36	11	1069	0	-1	0	319
32	8	1065	0	-1	0	333
28	8	1069	0	-1	0	347
42	22	1069	1	-2	0	361
38	12	1094	0	-2	0	390
22	44	1040	2	-1	0	403
-8	-63	1105	-3	0	0	417
-15	-59	1080	-3	0	0	431
41	8	1052	0	-2	0	445
61	47	1064	2	-3	0	459
56	22	1047	1	-3	0	473
30	-4	1045	0	-1	0	501
38	46	1070	2	-2	0	515
46	15	1069	0	-2	0	529
36	23	1058	1	-1	0	543
14	6	1050	0	0	0	556
30	-6	1071	0	-1	0	572
42	10	1080	0	-2	0	586
22	10	1065	0	-1	0	614
27	-3	1069	0	-1	0	628
31	7	1076	0	-1	0	642
35	25	1066	1	-1	0	656
28	10	1065	0	-1	0	670
24	1	1069	0	-1	0	685
31	7	1072	0	-1	0	699
35	12	1069	0	-1	0	726
28	5	1069	0	-1	0	740
28	4	1065	0	-1	0	754
35	11	1065	0	-1	0	769
39	8	1072	0	-2	0	782
29	8	1069	0	-1	0	796
28	8	1069	0	-1	0	811
32	12	1069	0	-1	0	839
31	8	1065	0	-1	0	853
31	4	1069	0	-1	0	867
31	8	1072	0	-1	0	884
31	11	1062	0	-1	0	898
31	12	1065	0	-1	0	912
35	8	1065	0	-1	0	925
32	8	1069	0	-1	0	939
31	8	1069	0	-1	0	967
31	8	1069	0	-1	0	982
28	4	1069	0	-1	0	996
31	11	1069	0	-1	0	1010
35	8	1069	0	-1	0	1024
35	8	1065	0	-1	0	1038
35	8	1069	0	-1	0	1052
28	8	1069	0	-1	0	1081
35	8	1069	0	-1	0	1095
28	8	1072	0	-1	0	1109
35	11	1066	0	-1	0	1123
35	8	1065	0	-1	0	1137
32	8	1069	0	-1	0	1152
31	8	1069	0	-1	0	1166
31	8	1065	0	-1	0	1195
31	8	1065	0	-1	0	1209
31	8	1061	0	-1	0	1223
31	8	1065	0	-1	0	1237
31	4	1069	0	-1	0	1252
35	8	1069	0	-1	0	1266
32	4	1069	0	-1	0	1280
32	8	1069	0	-1	0	1308
35	8	1069	0	-1	0	1322
28	8	1062	0	-1	0	1335
31	8	1068	0	-1	0	1349
31	4	1069	0	-1	0	1363
31	8	1069	0	-1	0	1377
28	8	1065	0	-1	0	1391
31	8	1065	0	-1	0	1419
31	8	1069	0	-1	0	1432
35	4	1069	0	-1	0	1446
35	8	1069	0	-1	0	1460
35	8	1069	0	-1	0	1474
35	11	1069	0	-1	0	1488
32	8	1069	0	-1	0	1504
35	5	1065	0	-1	0	1532
32	11	1069	0	-1	0	1546
31	8	1072	0	-1	0	1560
39	8	1069	0	-2	0	1574
32	8	1065	0	-1	0	1588
35	8	1069	0	-1	0	1603
35	8	1069	0	-1	0	1645
32	4	1065	0	-1	0	1659
35	8	1069	0	-1	0	1673
32	8	1069	0	-1	0	1687
31	4	1069	0	-1	0	1701
42	61	1104	3	-2	0	1716
67	31	1035	1	-3	0	1743
49	38	1069	2	-2	0	1757
30	-10	1048	0	-1	0	1771
35	-8	1092	0	-1	0	1785
46	10	1054	0	-2	0	1800
33	15	1064	0	-1	0	1815
10	5	1058	0	0	0	1829
14	34	1069	1	0	0	1857
76	-21	1140	-1	-3	0	1871
15	23	1048	1	0	0	1885
44	27	1102	1	-2	0	1900
47	27	1037	1	-2	0	1914
61	20	1087	1	-3	0	1928
10	-40	1057	-2	0	0	1942
11	38	1065	2	0	0	1970
22	25	1054	1	-1	0	1983
-12	10	1075	0	0	0	1998
-12	4	1070	0	0	0	2014
17	29	1073	1	0	0	2028
-2	45	1076	2	0	0	2042
78	-33	1078	-1	-4	0	2084
54	36	1045	1	-2	0	2099
94	14	1074	0	-4	0	2114
48	1	1087	0	-2	0	2128
79	4	1050	0	-4	0	2143
65	7	1067	0	-3	0	2157
