27	7	1054	0	-1	0	63
42	4	1064	0	-2	0	78
22	0	1061	0	-1	0	92
23	14	1051	0	-1	0	107
80	12	1067	0	-4	0	122
82	5	1062	0	-4	0	136
58	4	1082	0	-3	0	150
11	11	1072	0	0	0	178
1	-2	1080	0	0	0	192
7	7	1074	0	0	0	206
4	15	1055	0	0	0	220
-7	9	1075	0	0	0	234
-15	-3	1062	0	0	0	249
-1	0	1072	0	0	0	263
38	26	1048	1	-2	0	291
7	6	1067	0	0	0	305
-13	-3	1058	0	0	0	0
-1	0	1033	0	0	0	16
-14	7	1058	0	0	0	31
-5	18	1071	0	0	0	45
42	9	1069	0	-2	0	59
24	3	1066	0	-1	0	89
41	14	1055	0	-2	0	103
22	16	1078	0	-1	0	117
20	-9	1063	0	-1	0	131
9	3	1072	0	0	0	146
33	7	1059	0	-1	0	160
46	1	1061	0	-2	0	174
24	5	1072	0	-1	0	216
20	0	1062	0	-1	0	230
16	4	1072	0	0	0	244
19	4	1066	0	-1	0	259
37	11	1065	0	-2	0	273
39	12	1065	0	-2	0	1
15	15	1023	0	0	0	17
32	4	1061	0	-1	0	45
7	0	1068	0	0	0	59
4	-3	1065	0	0	0	74
4	10	1069	0	0	0	88
11	12	1065	0	0	0	102
19	12	1062	0	-1	0	115
27	8	1065	0	-1	0	129
25	1	1062	0	-1	0	157
13	4	1065	0	0	0	171
26	4	1065	0	-1	0	185
34	7	1065	0	-1	0	199
35	4	1065	0	-1	0	213
28	4	1072	0	-1	0	226
13	0	1066	0	0	0	240
8	4	1065	0	0	0	268
4	7	1065	0	0	0	283
11	4	1072	0	0	0	297
22	8	1062	0	-1	0	311
16	4	1065	0	0	0	325
19	8	1065	0	-1	0	338
23	4	1069	0	-1	0	352
27	4	1065	0	-1	0	367
17	7	1072	0	0	0	395
16	4	1062	0	0	0	409
16	4	1065	0	0	0	423
19	4	1069	0	-1	0	437
23	4	1069	0	-1	0	451
24	4	1065	0	-1	0	466
20	4	1069	0	-1	0	481
5	7	1065	0	0	0	509
4	11	1065	0	0	0	525
11	5	1065	0	0	0	539
22	4	1065	0	-1	0	553
38	4	1065	0	-2	0	568
32	4	1069	0	-1	0	583
28	7	1065	0	-1	0	597
16	8	1073	0	0	0	625
9	8	1062	0	0	0	639
8	8	1061	0	0	0	653
8	8	1068	0	0	0	668
15	4	1065	0	0	0	682
12	4	1065	0	0	0	696
15	4	1061	0	0	0	710
9	4	1065	0	0	0	724
15	4	1065	0	0	0	752
23	4	1065	0	-1	0	766
27	4	1065	0	-1	0	779
24	4	1065	0	-1	0	794
20	4	1069	0	-1	0	808
9	7	1062	0	0	0	822
1	8	1061	0	0	0	836
25	8	1069	0	-1	0	864
31	4	1069	0	-1	0	879
24	8	1069	0	-1	0	894
20	8	1062	0	-1	0	908
16	8	1061	0	0	0	922
12	4	1061	0	0	0	936
15	4	1068	0	0	0	949
16	7	1065	0	0	0	977
19	8	1061	0	-1	0	991
16	4	1065	0	0	0	1005
19	0	1069	0	-1	0	1019
23	4	1065	0	-1	0	1033
20	4	1062	0	-1	0	1047
30	7	1065	0	-1	0	1061
17	4	1065	0	0	0	1092
16	7	1065	0	0	0	1107
12	4	1072	0	0	0	1121
15	4	1069	0	0	0	1134
16	7	1062	0	0	0	1148
16	4	1068	0	0	0	1162
16	-3	1065	0	0	0	1177
16	7	1069	0	0	0	1206
16	8	1069	0	0	0	1220
16	1	1065	0	0	0	1234
23	4	1062	0	-1	0	1248
16	4	1068	0	0	0	1262
16	4	1069	0	0	0	1276
9	4	1069	0	0	0	1293
23	-3	1069	0	-1	0	1321
31	0	1069	0	-1	0	1335
28	7	1069	0	-1	0	1349
20	4	1065	0	-1	0	1364
13	4	1065	0	0	0	1378
15	11	1069	0	0	0	1392
9	5	1065	0	0	0	1406
23	4	1062	0	-1	0	1434
23	7	1072	0	-1	0	1448
9	11	1069	0	0	0	1462
22	5	1065	0	-1	0	1476
20	4	1076	0	-1	0	1492
55	7	1066	0	-2	0	1506
51	4	1065	0	-2	0	1520
12	12	1063	0	0	0	1550
1	1	1075	0	0	0	1565
-7	4	1063	0	0	0	1579
3	7	1068	0	0	0	1594
11	11	1065	0	0	0	1608
22	5	1069	0	-1	0	1622
20	0	1069	0	-1	0	1636
31	7	1073	0	-1	0	1663
31	8	1073	0	-1	0	1677
21	8	1066	0	-1	0	1693
13	4	1069	0	0	0	1706
12	4	1069	0	0	0	1720
8	4	1062	0	0	0	1734
11	7	1061	0	0	0	1748
19	4	1065	0	-1	0	1776
23	7	1069	0	-1	0	1791
20	4	1069	0	-1	0	1805
20	4	1072	0	-1	0	1819
16	7	1062	0	0	0	1833
16	4	1061	0	0	0	1847
16	8	1065	0	0	0	1860
16	4	1061	0	0	0	1888
16	4	1065	0	0	0	1903
16	4	1065	0	0	0	1917
16	4	1065	0	0	0	1931
19	7	1061	0	-1	0	1945
16	4	1065	0	0	0	1959
12	8	1065	0	0	0	1973
15	4	1065	0	0	0	2001
19	4	1065	0	-1	0	2015
16	4	1069	0	0	0	2029
16	4	1069	0	0	0	2043
26	7	1065	0	-1	0	2057
17	4	1065	0	0	0	2070
12	4	1061	0	0	0	2084
16	4	1068	0	0	0	2114
23	4	1065	0	-1	0	2128
20	7	1072	0	-1	0	2142
23	8	1069	0	-1	0	2156
20	8	1069	0	-1	0	2170
20	4	1065	0	-1	0	2184
23	4	1062	0	-1	0	2198
20	4	1065	0	-1	0	2227
16	4	1065	0	0	0	2241
23	4	1069	0	-1	0	2255
20	-3	1065	0	-1	0	2269
16	3	1065	0	0	0	2283
16	4	1065	0	0	0	2297
16	4	1065	0	0	0	2312
26	4	1065	0	-1	0	2341
20	4	1065	0	-1	0	2354
13	-14	1069	0	0	0	2368
26	2	1069	0	-1	0	2382
10	11	1065	0	0	0	2396
5	5	1065	0	0	0	2411
11	0	1061	0	0	0	2425
27	0	1069	0	-1	0	2453
38	14	1072	0	-2	0	2467
43	19	1069	1	-2	0	2481
50	30	1055	1	-2	0	2495
65	-11	1089	0	-3	0	2509
63	-15	1078	0	-3	0	2524
35	13	1049	0	-1	0	2538
30	5	1078	0	-1	0	2566
10	15	1080	0	0	0	2580
54	-6	1067	0	-2	0	2594
2	17	1062	0	0	0	2608
46	-16	1065	0	-2	0	2625
1	13	1072	0	0	0	2639
9	19	1048	1	0	0	2667
-13	23	1063	1	0	0	2681
-153	91	1065	4	8	0	2696
-104	-26	1111	-1	5	0	2710
-99	-91	1133	-4	4	0	2723
-42	-62	1026	-3	2	0	2737
-1	-20	1086	-1	0	0	2751
55	15	1083	0	-2	0	2779
23	-9	1063	0	-1	0	2793
91	-19	1075	0	-4	0	2806
73	2	1055	0	-3	0	2822
92	4	1057	0	-4	0	2837
98	0	1047	0	-5	0	2850
109	7	1074	0	-5	0	2864
68	-4	1065	0	-3	0	2892
56	3	1069	0	-3	0	2906
34	18	1062	0	-1	0	2920
18	5	1068	0	0	0	2934
37	1	1065	0	-2	0	2947
57	-3	1065	0	-3	0	2961
48	1	1064	0	-2	0	3003
26	0	1065	0	-1	0	3017
17	11	1069	0	0	0	3031
16	12	1072	0	0	0	3044
-2	12	1080	0	0	0	3059
-11	12	1081	0	0	0	3073
-25	7	1069	0	1	0	3101
-10	8	1069	0	0	0	3116
-8	8	1069	0	0	0	3130
-4	11	1072	0	0	0	3144
0	8	1066	0	0	0	3159
25	4	1069	0	-1	0	3173
31	8	1062	0	-1	0	3186
32	4	1065	0	-1	0	3214
28	-3	1065	0	-1	0	3228
35	14	1061	0	-1	0	3244
32	12	1068	0	-1	0	3258
31	12	1069	0	-1	0	3271
24	1	1069	0	-1	0	3285
13	0	1072	0	0	0	3299
16	11	1069	0	0	0	3328
9	5	1065	0	0	0	3342
11	8	1065	0	0	0	3356
19	8	1065	0	-1	0	3370
23	4	1061	0	-1	0	3384
24	0	1065	0	-1	0	3398
27	4	1065	0	-1	0	3412
16	4	1069	0	0	0	3440
16	4	1065	0	0	0	3454
16	7	1065	0	0	0	3468
12	8	1065	0	0	0	3482
19	1	1072	0	-1	0	3496
27	4	1062	0	-1	0	3510
20	7	1061	0	-1	0	3524
16	4	1065	0	0	0	3554
12	4	1069	0	0	0	3568
15	7	1065	0	0	0	3582
19	8	1069	0	-1	0	3596
13	4	1065	0	0	0	3610
15	8	1065	0	0	0	3623
12	4	1065	0	0	0	3639
19	4	1065	0	-1	0	3668
27	8	1069	0	-1	0	3682
27	4	1065	0	-1	0	3697
20	8	1065	0	-1	0	3711
13	4	1065	0	0	0	3725
8	8	1065	0	0	0	3739
-13	1	1072	0	0	0	3754
0	7	1055	0	0	0	3782
42	18	1068	0	-2	0	3796
29	20	1062	1	-1	0	3809
56	-5	1061	0	-3	0	3823
55	-1	1065	0	-2	0	3837
37	7	1069	0	-2	0	3852
32	11	1069	0	-1	0	3866
1	8	1062	0	0	0	3894
0	8	1061	0	0	0	3908
4	1	1072	0	0	0	3922
18	14	1069	0	0	0	3936
16	5	1062	0	0	0	3950
23	0	1061	0	-1	0	3964
31	7	1072	0	-1	0	3978
20	8	1069	0	-1	0	4006
6	1	1058	0	0	0	4019
11	4	1064	0	0	0	4033
15	7	1065	0	0	0	4048
26	4	1072	0	-1	0	4063
31	4	1066	0	-1	0	4076
28	4	1072	0	-1	0	4090
12	11	1068	0	0	0	4118
5	8	1065	0	0	0	4132
4	4	1072	0	0	0	4146
4	4	1062	0	0	0	4160
46	0	1072	0	-2	0	4174
44	14	1059	0	-2	0	4188
29	23	1071	1	-1	0	4201
1	-9	1061	0	0	0	4229
14	-1	1054	0	0	0	4243
26	25	1064	1	-1	0	4257
27	13	1068	0	-1	0	4274
31	-2	1072	0	-1	0	4288
24	3	1062	0	-1	0	4302
20	14	1065	0	-1	0	4316
8	15	1061	0	0	0	4344
11	9	1061	0	0	0	4358
15	4	1065	0	0	0	4372
26	11	1065	0	-1	0	4386
24	8	1065	0	-1	0	4400
24	4	1065	0	-1	0	4413
13	4	1061	0	0	0	4427
16	12	1065	0	0	0	4455
2	12	1065	0	0	0	4470
-163	44	1086	2	8	0	4484
-303	40	1067	2	15	0	4498
-41	0	1118	0	2	0	4512
-117	14	1085	0	6	0	4527
-72	-39	1089	-2	3	0	4555
-4	-7	1039	0	0	0	4569
-64	56	1027	3	3	0	4583
-81	62	1044	3	4	0	4597
-47	52	1088	2	2	0	4610
116	-9	1081	0	-6	0	4624
15	73	1067	3	0	0	4638
-19	-2	1073	0	0	0	4667
-97	32	1023	1	5	0	4683
-42	-46	1079	-2	2	0	4697
56	-114	1127	-5	-2	0	4710
87	27	1018	1	-4	0	4724
30	-68	1011	-3	-1	0	4738
-50	50	1067	2	2	0	4754
-99	56	1086	2	5	0	4782
79	-23	1138	-1	-3	0	4796
-35	129	970	7	2	0	4810
50	-15	1098	0	-2	0	4824
111	83	1054	4	-6	0	4838
124	-55	1145	-2	-6	0	4851
84	6	1019	0	-4	0	4880
83	25	1089	1	-4	0	4894
121	20	965	1	-7	0	4908
111	13	995	0	-6	0	4922
117	-2	1079	0	-6	0	4938
139	14	1013	0	-7	0	4952
170	-20	1109	-1	-8	0	4966
82	20	1057	1	-4	0	4994
192	-5	1057	0	-10	0	5008
157	17	1057	0	-8	0	5021
239	140	1022	7	-13	0	5035
275	39	1064	2	-14	0	5049
130	-39	1125	-1	-6	0	5063
26	-126	1044	-6	-1	0	5092
13	-9	1042	0	0	0	5106
93	-36	1080	-1	-4	0	5120
16	71	1091	3	0	0	5134
-349	21	1156	1	16	0	5149
-328	48	1099	2	16	0	5162
14	50	1074	2	0	0	5191
-2	40	1069	2	0	0	5206
28	-81	995	-4	-1	0	5220
3	-29	1054	-1	0	0	5234
29	15	979	0	-1	0	5247
88	-23	1102	-1	-4	0	5261
62	-13	1079	0	-3	0	5276
85	8	1106	0	-4	0	5305
122	61	1055	3	-6	0	5319
55	59	1036	3	-3	0	5332
-62	9	1080	0	3	0	5347
-66	-49	1067	-2	3	0	5361
-10	-23	1093	-1	0	0	5375
28	14	1096	0	-1	0	5418
102	-13	1065	0	-5	0	5432
77	52	1104	2	-4	0	5446
107	2	1044	0	-5	0	5460
96	-14	1070	0	-5	0	5474
63	16	1048	0	-3	0	5490
87	9	1071	0	-4	0	5518
122	-6	1080	0	-6	0	5532
104	-18	1066	0	-5	0	5546
63	-2	1058	0	-3	0	5560
105	32	1071	1	-5	0	5574
67	21	1069	1	-3	0	5589
28	-9	1062	0	-1	0	5604
30	32	1072	1	-1	0	5632
-11	17	1048	0	0	0	5645
-8	-30	1077	-1	0	0	5659
-11	8	1066	0	0	0	5674
-12	18	1069	0	0	0	5689
55	27	1072	1	-2	0	5704
14	-2	1072	0	0	0	5732
12	7	1080	0	0	0	5746
26	11	1067	0	-1	0	5760
3	19	1072	1	0	0	5773
-21	27	1069	1	1	0	5787
16	-15	1087	0	0	0	5801
51	2	1060	0	-2	0	5815
75	50	1057	2	-4	0	5843
64	-6	1057	0	-3	0	5857
109	63	1018	3	-6	0	5870
110	35	1085	1	-5	0	5884
142	110	1053	5	-7	0	5901
28	-77	1110	-3	-1	0	5915
10	-40	1062	-2	0	0	5929
11	12	1079	0	0	0	5957
51	97	1102	5	-2	0	5971
19	34	1072	1	-1	0	5985
-26	-28	1083	-1	1	0	5999
-42	-17	1085	0	2	0	6013
-36	34	1074	1	1	0	6027
17	0	1072	0	0	0	6055
9	7	1059	0	0	0	6069
26	18	1064	0	-1	0	6083
13	12	1065	0	0	0	6097
37	5	1069	0	-1	0	6112
39	4	1062	0	-2	0	6126
18	11	1065	0	0	0	6140
8	11	1068	0	0	0	6168
18	15	1065	0	0	0	6182
37	12	1058	0	-2	0	6196
64	8	1057	0	-3	0	6210
91	29	1071	1	-4	0	6224
62	24	1044	1	-3	0	6237
63	-1	1070	0	-3	0	6251
34	28	1070	1	-1	0	6279
18	10	1069	0	0	0	6293
5	-20	1058	-1	0	0	6310
8	-16	1071	0	0	0	6324
-6	-5	1062	0	0	0	6338
10	7	1072	0	0	0	6352
-3	8	1052	0	0	0	6366
18	27	1050	1	0	0	6394
9	20	1053	1	0	0	6408
-6	2	1057	0	0	0	6423
-18	7	1057	0	0	0	6437
-16	18	1061	0	0	0	6451
-9	20	1068	1	0	0	6465
-8	13	1055	0	0	0	6478
15	7	1058	0	0	0	6508
30	4	1061	0	-1	0	6522
14	11	1065	0	0	0	6536
8	12	1065	0	0	0	6550
8	15	1069	0	0	0	6564
33	12	1069	0	-1	0	6581
24	5	1069	0	-1	0	6595
-2	-7	1069	0	0	0	6624
-14	13	1058	0	0	0	6638
20	54	1075	2	-1	0	6652
-9	27	1080	1	0	0	6667
6	-8	1063	0	0	0	6681
-10	-8	1061	0	0	0	6695
16	27	1058	1	0	0	6724
58	45	1068	2	-3	0	6737
62	47	1058	2	-3	0	6751
13	-20	1078	-1	0	0	6765
40	-44	1056	-2	-2	0	6779
68	13	1061	0	-3	0	6793
21	30	1065	1	-1	0	6807
2	-3	1061	0	0	0	6836
18	10	1068	0	0	0	6850
27	33	1079	1	-1	0	6864
24	7	1059	0	-1	0	6878
34	-10	1068	0	-1	0	6892
35	13	1065	0	-1	0	6906
28	23	1072	1	-1	0	6920
13	0	1065	0	0	0	6948
33	18	1069	0	-1	0	6962
32	12	1069	0	-1	0	6976
10	8	1069	0	0	0	6990
8	8	1062	0	0	0	7004
18	8	1068	0	0	0	7018
9	8	1065	0	0	0	7033
5	11	1058	0	0	0	7061
0	15	1071	0	0	0	7075
0	9	1066	0	0	0	7090
4	11	1065	0	0	0	7104
22	12	1061	0	-1	0	7118
23	8	1065	0	-1	0	7132
45	8	1065	0	-2	0	7146
32	8	1062	0	-1	0	7174
17	4	1068	0	0	0	7188
5	15	1069	0	0	0	7202
-10	12	1058	0	0	0	7215
-5	8	1068	0	0	0	7229
3	19	1065	1	0	0	7244
4	16	1072	0	0	0	7260
27	8	1062	0	-1	0	7287
27	11	1075	0	-1	0	7301
35	8	1070	0	-1	0	7315
28	11	1058	0	-1	0	7329
31	8	1068	0	-1	0	7343
24	8	1065	0	-1	0	7357
31	4	1069	0	-1	0	7371
19	19	1065	1	-1	0	7399
20	9	1069	0	-1	0	7412
16	8	1069	0	0	0	7426
26	11	1065	0	-1	0	7441
24	5	1065	0	-1	0	7455
20	8	1065	0	-1	0	7469
30	8	1061	0	-1	0	7483
16	15	1062	0	0	0	7511
16	12	1065	0	0	0	7525
12	8	1061	0	0	0	7540
19	1	1065	0	-1	0	7554
20	7	1065	0	-1	0	7568
23	11	1072	0	-1	0	7582
19	12	1065	0	-1	0	7611
27	19	1062	1	-1	0	7625
20	9	1072	0	-1	0	7638
30	12	1066	0	-1	0	7652
21	12	1065	0	-1	0	7667
16	8	1065	0	0	0	7681
23	8	1065	0	-1	0	7695
16	0	1066	0	0	0	7723
30	11	1065	0	-1	0	7738
21	8	1069	0	-1	0	7752
9	11	1062	0	0	0	7767
15	15	1065	0	0	0	7781
16	9	1069	0	0	0	7795
33	8	1065	0	-1	0	7810
42	8	1065	0	-2	0	7839
47	11	1065	0	-2	0	7853
15	8	1069	0	0	0	7867
12	8	1069	0	0	0	7881
47	15	1069	0	-2	0	7895
75	23	1069	1	-4	0	7908
107	23	1055	1	-5	0	7922
166	-22	1067	-1	-8	0	7951
179	44	1037	2	-9	0	7965
220	8	1059	0	-11	0	7979
344	50	1068	2	-17	0	7993
360	16	1051	0	-18	0	8007
432	-41	1042	-2	-22	0	8020
350	-89	1023	-4	-18	0	8050
428	-12	990	0	-23	0	8065
350	232	1104	11	-17	0	8079
368	87	885	5	-22	0	8093
376	334	1125	15	-17	0	8107
508	-154	993	-7	-26	0	8121
443	-295	1174	-13	-20	0	8149
455	-44	1267	-1	-19	0	8163
258	-461	1350	-18	-10	0	8176
627	226	796	12	-37	0	8190
537	83	914	4	-30	0	8204
322	136	962	7	-18	0	8218
284	-129	1224	-5	-12	0	8246
269	125	918	7	-16	0	8261
497	-288	1114	-13	-23	0	8274
403	-206	1318	-8	-16	0	8288
673	160	878	8	-37	0	8302
368	-80	1184	-3	-17	0	8316
684	-454	1312	-17	-26	0	8345
645	-371	1012	-17	-30	0	8358
676	-416	893	-20	-34	0	8372
909	-176	793	-8	-48	0	8386
1046	-39	1285	-1	-39	0	8400
1626	-57	829	-1	-62	0	8414
414	-259	934	-14	-23	0	8441
-701	-486	836	-23	35	0	8456
-724	29	1180	1	31	0	8471
-242	311	397	33	25	0	8485
167	-47	418	-5	-21	0	8498
399	-68	286	-7	-53	0	8512
43	-18	154	-6	-15	0	8540
26	108	129	39	-8	0	8554
-206	-81	87	-19	59	0	8568
-74	-5	182	-1	22	0	8582
187	127	114	30	-47	0	8596
-41	207	103	61	10	0	8610
-44	-100	169	-29	12	0	8637
49	-3	190	0	-14	0	8653
-48	-128	111	-46	15	0	8668
-76	-13	142	-4	27	0	8682
0	-5	138	-2	0	0	8696
-18	81	127	32	6	0	8710
-58	12	112	5	27	0	8727
-2154	203	-30	5	84	0	8755
-4156	222	2487	2	59	0	8769
2439	1922	1377	34	-45	0	8783
1096	610	357	27	-57	0	8797
2398	-661	888	-14	-65	0	8810
-50	-94	-81	-44	22	0	8824
-3154	-9759	5664	-56	15	0	8852
-3117	-1266	1811	-19	54	0	8866
-1656	485	-371	15	69	0	8881
-615	968	-2195	23	14	0	8895
-1713	-45	290	-1	80	0	8908
-1031	-305	-359	-15	65	0	8936
-680	-511	297	-34	48	0	8950
-1504	-546	532	-18	63	0	8965
-1558	-267	318	-9	75	0	8979
-870	-264	336	-15	63	0	8993
-678	-147	-30	-12	77	0	9007
-507	-1002	195	-61	26	0	9035
-503	-765	-274	-53	31	0	9049
20	-2510	-395	-81	0	0	9063
-150	-159	105	-40	38	0	9079
-751	373	-234	25	59	0	9093
-927	140	-193	8	75	0	9106
-1387	-508	258	-19	67	0	9134
-1309	-574	188	-23	65	0	9148
-913	-878	150	-43	45	0	9162
-594	-144	234	-12	65	0	9175
-650	-227	285	-17	60	0	9189
-945	-792	459	-37	45	0	9217
-692	-801	481	-43	36	0	9231
-678	-699	437	-40	39	0	9245
-673	-668	433	-39	40	0	9258
-782	-551	446	-31	47	0	9274
-832	-547	473	-29	49	0	9289
-840	-716	384	-37	45	0	9316
-650	-701	328	-43	40	0	9330
-634	-664	348	-42	40	0	9344
-792	-583	392	-33	48	0	9358
-847	-532	404	-29	51	0	9372
-831	-442	398	-25	54	0	9386
-837	-403	397	-23	55	0	9413
-855	-451	425	-25	54	0	9427
-832	-540	481	-29	48	0	9441
-738	-542	437	-32	46	0	9455
-749	-631	436	-36	44	0	9469
-727	-588	475	-34	43	0	9511
-702	-568	518	-33	42	0	9525
-672	-538	554	-31	41	0	9539
-661	-485	618	-28	40	0	9553
-682	-455	635	-26	41	0	9567
-676	-547	689	-29	37	0	9597
-623	-515	716	-28	35	0	9610
-582	-494	712	-28	33	0	9624
-536	-491	711	-28	31	0	9638
-510	-463	715	-27	30	0	9652
-500	-457	719	-27	30	0	9666
-586	-491	772	-26	32	0	9695
-554	-527	806	-28	29	0	9709
-551	-509	802	-27	30	0	9722
-511	-504	781	-28	28	0	9736
-493	-510	789	-28	27	0	9750
-445	-532	811	-29	24	0	9764
-382	-547	934	-28	19	0	9794
-395	-585	1020	-28	18	0	9808
-439	-543	1075	-25	20	0	9822
-479	-535	1066	-24	21	0	9836
-532	-517	1055	-23	24	0	9850
-520	-430	955	-21	26	0	9878
-533	-450	934	-22	27	0	9892
-563	-466	914	-23	28	0	9906
-541	-475	873	-24	28	0	9920
-514	-472	862	-25	27	0	9933
-440	-560	878	-29	22	0	9947
-356	-482	869	-27	19	0	9975
-400	-512	893	-27	21	0	9989
-433	-560	938	-28	21	0	10003
-443	-509	967	-25	22	0	10016
-444	-567	1013	-27	20	0	10030
-423	-570	1014	-27	19	0	10044
-443	-588	915	-30	22	0	10072
-433	-628	901	-32	21	0	10087
-408	-668	921	-33	19	0	10102
-440	-629	948	-31	21	0	10116
-465	-639	954	-31	22	0	10129
-472	-577	944	-28	23	0	10158
-440	-574	922	-29	22	0	10172
-444	-588	909	-30	22	0	10186
-448	-607	904	-31	22	0	10200
-473	-591	886	-30	23	0	10214
-493	-579	884	-29	25	0	10228
-456	-557	950	-27	22	0	10255
-410	-576	979	-28	19	0	10269
-391	-599	996	-29	18	0	10283
-315	-597	998	-29	15	0	10298
-258	-583	1002	-29	12	0	10312
-175	-537	995	-27	8	0	10340
-187	-492	973	-26	9	0	10354
-270	-414	918	-23	15	0	10368
-303	-395	898	-22	17	0	10382
-380	-386	854	-22	22	0	10397
-402	-396	832	-23	23	0	10411
-382	-405	811	-24	22	0	10438
-441	-394	849	-22	25	0	10452
-469	-365	828	-20	27	0	10466
-457	-355	847	-20	26	0	10480
-484	-336	895	-18	26	0	10494
-377	-459	889	-25	20	0	10539
-377	-477	860	-26	20	0	10553
-395	-479	829	-27	22	0	10567
-443	-522	836	-28	24	0	10581
-455	-551	865	-29	23	0	10595
-476	-574	907	-29	23	0	10626
-437	-620	929	-31	21	0	10640
-415	-649	945	-32	19	0	10654
-416	-599	905	-31	21	0	10669
-395	-587	890	-31	20	0	10683
-400	-593	902	-30	20	0	10697
-506	-521	844	-27	27	0	10724
-528	-565	838	-29	27	0	10738
-488	-683	816	-35	24	0	10752
-456	-730	793	-38	22	0	10766
-417	-777	773	-41	20	0	10780
-244	-952	754	-50	11	0	10808
-169	-1011	758	-52	7	0	10823
-105	-996	730	-53	4	0	10837
-131	-931	653	-54	6	0	10851
-155	-878	624	-53	8	0	10867
-231	-848	600	-52	12	0	10881
-235	-715	440	-55	15	0	10910
-282	-683	384	-55	19	0	10925
-417	-709	357	-52	27	0	10940
-473	-757	354	-52	29	0	10953
-468	-783	368	-52	28	0	10967
-554	-746	292	-50	34	0	10995
-572	-725	323	-47	35	0	11009
-563	-847	414	-50	30	0	11024
-548	-884	438	-51	29	0	11038
-607	-944	461	-51	29	0	11052
-513	-1035	379	-58	24	0	11065
-670	-1011	672	-46	28	0	11093
-658	-1035	683	-47	27	0	11107
-621	-1126	691	-50	25	0	11124
-589	-1117	709	-50	24	0	11138
-600	-989	690	-47	26	0	11152
-682	-834	730	-39	31	0	11181
-705	-808	692	-39	33	0	11195
-601	-788	568	-43	31	0	11208
-506	-772	513	-46	28	0	11222
-517	-714	469	-45	31	0	11236
-621	-623	408	-39	39	0	11250
-741	-674	415	-38	43	0	11278
-767	-626	413	-35	45	0	11291
-720	-551	395	-33	46	0	11305
-666	-522	372	-34	46	0	11320
-608	-537	313	-38	44	0	11334
-591	-556	279	-40	43	0	11348
-489	-534	236	-44	39	0	11379
-530	-527	254	-41	42	0	11393
-559	-495	280	-38	44	0	11406
-604	-460	311	-34	47	0	11421
-637	-485	311	-34	47	0	11434
-608	-446	252	-34	49	0	11462
-609	-441	241	-33	50	0	11476
-655	-476	321	-33	48	0	11491
-674	-458	319	-31	50	0	11505
-693	-541	492	-32	43	0	11519
-681	-539	488	-32	43	0	11536
-551	-491	450	-34	39	0	11564
-430	-392	197	-39	44	0	11578
-411	-382	83	-42	46	0	11592
-512	-364	157	-34	52	0	11606
-649	-284	210	-22	61	0	11620
-940	-478	399	-25	56	0	11647
-939	-571	454	-28	52	0	11661
-953	-669	477	-32	49	0	11675
-902	-728	444	-35	46	0	11689
-720	-713	540	-38	38	0	11703
-645	-634	556	-36	37	0	11717
-624	-530	534	-32	39	0	11747
-653	-538	527	-32	40	0	11761
-674	-563	544	-33	40	0	11774
-665	-548	518	-33	41	0	11791
-654	-522	497	-32	42	0	11805
-645	-559	475	-34	41	0	11833
-630	-586	483	-36	39	0	11846
-678	-395	501	-25	46	0	11860
-623	-528	513	-33	40	0	11874
-664	-495	486	-31	43	0	11888
-629	-495	477	-32	42	0	11902
-715	-535	475	-31	44	0	11929
-765	-545	472	-31	46	0	11943
-876	-539	468	-28	50	0	11957
-908	-542	478	-27	51	0	11972
-837	-510	511	-27	49	0	11986
-858	-615	577	-30	45	0	12030
-814	-610	585	-31	43	0	12044
-835	-542	522	-28	47	0	12057
-816	-588	551	-30	45	0	12071
-807	-678	589	-34	41	0	12085
-784	-555	577	-29	44	0	12113
-782	-551	564	-29	44	0	12127
-793	-508	555	-27	46	0	12142
-804	-493	561	-26	47	0	12156
-781	-474	551	-26	47	0	12170
-768	-465	557	-26	46	0	12184
-641	-415	592	-25	41	0	12214
-598	-395	625	-24	38	0	12228
-530	-376	621	-24	36	0	12243
-499	-359	656	-23	33	0	12257
-520	-291	660	-19	35	0	12271
-517	-123	643	-8	38	0	12299
-540	-161	669	-10	38	0	12312
-588	-20	707	-1	39	0	12326
-678	-13	782	0	40	0	12340
-666	16	860	0	37	0	12354
-728	2	889	0	39	0	12368
-711	126	1039	5	34	0	12397
-796	161	1225	6	32	0	12411
-794	119	1286	4	31	0	12424
-723	164	1275	6	29	0	12440
-705	137	1231	5	29	0	12454
-767	99	1138	4	33	0	12468
-784	29	1079	1	35	0	12496
-758	-114	1049	-5	35	0	12510
-773	-160	1028	-7	36	0	12524
-820	-253	800	-12	44	0	12538
-620	-627	890	-30	29	0	12552
-713	-179	510	-11	52	0	12567
-729	-143	515	-9	53	0	12595
-777	-74	409	-4	61	0	12608
-810	-68	709	-3	48	0	12623
-810	-46	807	-2	45	0	12638
-905	-22	799	-1	48	0	12653
-922	33	734	1	51	0	12667
-865	17	777	0	48	0	12696
-840	-80	736	-4	48	0	12711
-813	-57	721	-3	48	0	12725
-916	15	684	0	53	0	12739
-817	-6	645	0	51	0	12754
-796	-36	620	-2	52	0	12768
-789	-75	490	-4	57	0	12796
-846	-170	527	-9	56	0	12810
-873	-151	580	-8	55	0	12823
-922	-79	645	-4	54	0	12837
-966	-107	701	-5	53	0	12852
-981	-152	700	-7	53	0	12865
-990	-87	637	-4	56	0	12893
-980	-79	559	-4	60	0	12907
-993	-86	491	-4	63	0	12922
-1015	-125	420	-6	66	0	12936
-1011	-133	371	-7	68	0	12949
-948	1	229	0	76	0	12980
-1014	-46	334	-2	71	0	12994
-1056	-104	391	-5	69	0	13008
-1015	-134	425	-6	66	0	13022
-964	-130	442	-6	64	0	13036
-1048	-70	416	-3	68	0	13051
-1067	-44	429	-2	68	0	13078
-1065	-1	428	0	68	0	13093
-1065	39	375	1	70	0	13107
-1086	82	345	4	71	0	13121
-1081	47	346	2	72	0	13134
-1074	-31	293	-1	74	0	13148
-1048	29	222	1	77	0	13178
-1024	49	185	2	79	0	13192
-1011	-30	174	-1	80	0	13206
-1010	-56	166	-3	80	0	13220
-943	-87	126	-5	80	0	13234
-904	-108	98	-6	80	0	13248
-804	-123	59	-8	80	0	13275
-781	-101	41	-7	82	0	13289
-754	-70	29	-5	84	0	13303
-754	-60	6	-4	85	0	13317
-769	-17	1	-1	88	0	13331
-770	9	7	0	89	0	13345
-851	171	-24	11	78	0	13376
-853	247	-17	16	73	0	13391
-888	258	16	16	73	0	13405
-962	277	72	16	73	0	13419
-995	268	99	15	73	0	13433
-1026	207	155	11	75	0	13447
-1071	165	204	8	76	0	13475
-1101	261	144	13	74	0	13489
-1065	334	106	17	71	0	13502
-1076	398	103	20	69	0	13516
-1119	429	123	20	68	0	13530
-1127	513	164	24	64	0	13544
-1114	534	189	25	63	0	13571
-1127	545	143	25	63	0	13586
-1107	521	135	25	64	0	13600
-1066	448	151	22	66	0	13614
-1047	384	164	19	68	0	13628
-1042	328	122	17	71	0	13642
-1014	202	3	11	78	0	13669
-957	179	0	10	79	0	13683
-980	181	50	10	79	0	13697
-957	174	79	10	78	0	13711
-945	159	75	9	79	0	13725
-947	168	57	10	79	0	13739
