93	6	997	-5	0	0	18
80	8	1062	-4	0	0	32
104	1	1054	-5	0	0	46
85	4	1064	-4	0	0	60
83	4	1068	-4	0	0	74
93	4	1069	-4	0	0	88
80	4	1069	-4	0	0	102
89	1	1053	-4	0	0	130
101	0	1067	-5	0	0	144
95	11	1065	-5	0	0	158
101	8	1065	-5	0	0	172
99	4	1061	-5	0	0	186
91	4	1061	-4	0	0	200
101	0	1061	-5	0	0	214
117	0	1062	-6	0	0	241
125	0	1065	-6	0	0	255
119	-4	1065	-6	0	0	269
107	0	1061	-5	0	0	284
106	4	1065	-5	0	0	299
99	4	1065	-5	0	0	313
102	4	1061	-5	0	0	327
87	8	1065	-4	0	0	0
108	8	1019	-6	0	0	16
113	1	1057	-6	0	0	30
100	4	1064	-5	0	0	45
88	4	1058	-4	0	0	58
83	0	1068	-4	0	0	73
83	4	1065	-4	0	0	87
86	4	1065	-4	0	0	128
97	4	1072	-5	0	0	142
105	4	1066	-5	0	0	159
95	4	1054	-5	0	0	174
87	0	1057	-4	0	0	188
90	4	1061	-4	0	0	202
87	4	1065	-4	0	0	216
95	4	1058	-5	0	0	243
91	4	1061	-4	0	0	258
87	0	1061	-4	0	0	273
94	4	1061	-5	0	0	287
91	0	1065	-4	0	0	301
94	0	1069	-5	0	0	315
94	4	1062	-5	0	0	329
72	0	1058	-3	0	0	358
92	11	1068	-4	0	0	373
101	5	1062	-5	0	0	387
102	0	1065	-5	0	0	401
109	4	1061	-5	0	0	415
103	7	1061	-5	0	0	429
99	1	1065	-5	0	0	443
106	11	1066	-5	0	0	472
85	8	1058	-4	0	0	486
65	-3	1061	-3	0	0	500
95	7	1065	-5	0	0	514
84	15	1061	-4	0	0	528
76	1	1065	-4	0	0	542
89	0	1069	-4	0	0	556
101	4	1062	-5	0	0	583
99	0	1065	-5	0	0	597
98	4	1065	-5	0	0	611
95	4	1072	-5	0	0	625
91	0	1062	-4	0	0	639
90	4	1065	-4	0	0	653
94	0	1058	-5	0	0	671
91	0	1061	-4	0	0	700
90	0	1061	-4	0	0	714
97	4	1061	-5	0	0	728
95	4	1058	-5	0	0	742
98	4	1064	-5	0	0	756
91	0	1061	-4	0	0	770
94	7	1065	-5	0	0	784
87	4	1061	-4	0	0	798
97	4	1061	-5	0	0	826
98	4	1058	-5	0	0	840
102	4	1061	-5	0	0	853
102	0	1058	-5	0	0	868
95	4	1064	-5	0	0	883
94	4	1065	-5	0	0	897
91	4	1065	-4	0	0	911
94	4	1058	-5	0	0	939
84	0	1068	-4	0	0	953
83	4	1062	-4	0	0	967
93	0	1058	-5	0	0	982
91	0	1064	-4	0	0	996
101	4	1061	-5	0	0	1010
95	4	1065	-5	0	0	1024
98	4	1061	-5	0	0	1052
91	7	1061	-4	0	0	1065
87	4	1061	-4	0	0	1082
83	-3	1068	-4	0	0	1097
86	7	1062	-4	0	0	1111
93	4	1061	-5	0	0	1125
87	0	1065	-4	0	0	1138
94	7	1064	-5	0	0	1166
98	1	1061	-5	0	0	1183
95	4	1065	-5	0	0	1198
101	4	1058	-5	0	0	1212
95	4	1064	-5	0	0	1226
94	4	1054	-5	0	0	1239
94	0	1057	-5	0	0	1253
90	0	1061	-4	0	0	1282
87	4	1065	-4	0	0	1297
94	0	1058	-5	0	0	1311
94	4	1061	-5	0	0	1325
94	4	1058	-5	0	0	1339
91	4	1064	-4	0	0	1353
94	0	1061	-5	0	0	1367
95	1	1061	-5	0	0	1397
94	4	1061	-5	0	0	1411
94	4	1068	-5	0	0	1425
94	4	1062	-5	0	0	1440
91	0	1065	-4	0	0	1454
94	4	1065	-5	0	0	1467
91	4	1065	-4	0	0	1482
95	4	1061	-5	0	0	1511
94	4	1061	-5	0	0	1525
94	4	1065	-5	0	0	1538
94	4	1061	-5	0	0	1552
94	4	1061	-5	0	0	1566
98	0	1058	-5	0	0	1580
95	4	1064	-5	0	0	1594
98	4	1065	-5	0	0	1623
95	4	1061	-5	0	0	1637
91	0	1061	-4	0	0	1651
90	4	1061	-4	0	0	1666
94	7	1061	-5	0	0	1680
94	4	1061	-5	0	0	1694
91	4	1065	-4	0	0	1708
90	4	1065	-4	0	0	1738
90	4	1065	-4	0	0	1751
94	4	1061	-5	0	0	1765
94	4	1061	-5	0	0	1779
94	4	1058	-5	0	0	1794
91	4	1061	-4	0	0	1809
90	4	1061	-4	0	0	1823
90	4	1065	-4	0	0	1851
90	4	1065	-4	0	0	1865
94	4	1065	-5	0	0	1879
98	4	1058	-5	0	0	1894
95	4	1061	-5	0	0	1909
94	4	1065	-5	0	0	1923
98	4	1061	-5	0	0	1937
91	0	1065	-4	0	0	1965
87	4	1062	-4	0	0	1979
94	4	1061	-5	0	0	1993
94	4	1058	-5	0	0	2007
87	4	1061	-4	0	0	2021
94	4	1068	-5	0	0	2035
87	0	1062	-4	0	0	2049
91	4	1068	-4	0	0	2077
94	7	1062	-5	0	0	2092
91	4	1061	-4	0	0	2108
90	0	1065	-4	0	0	2121
94	4	1061	-5	0	0	2135
94	0	1065	-5	0	0	2149
91	0	1061	-4	0	0	2164
90	4	1065	-4	0	0	2192
90	4	1065	-4	0	0	2206
90	0	1061	-4	0	0	2220
94	4	1065	-5	0	0	2234
94	4	1061	-5	0	0	2248
91	0	1065	-4	0	0	2262
94	4	1058	-5	0	0	2276
88	4	1061	-4	0	0	2305
87	4	1065	-4	0	0	2320
94	4	1065	-5	0	0	2334
94	4	1065	-5	0	0	2348
91	4	1065	-4	0	0	2362
94	0	1065	-5	0	0	2375
94	0	1061	-5	0	0	2389
94	4	1058	-5	0	0	2419
94	4	1061	-5	0	0	2433
94	4	1065	-5	0	0	2447
94	4	1061	-5	0	0	2461
94	0	1061	-5	0	0	2475
91	4	1065	-4	0	0	2489
94	0	1058	-5	0	0	2503
94	4	1061	-5	0	0	2532
94	4	1061	-5	0	0	2545
91	4	1061	-4	0	0	2559
94	0	1065	-5	0	0	2573
91	4	1058	-4	0	0	2587
90	4	1061	-4	0	0	2601
97	4	1065	-5	0	0	2615
95	4	1072	-5	0	0	2643
91	4	1062	-4	0	0	2657
98	4	1068	-5	0	0	2670
91	4	1062	-4	0	0	2684
94	4	1068	-5	0	0	2698
91	4	1062	-4	0	0	2714
98	4	1054	-5	0	0	2728
90	0	1054	-4	0	0	2758
94	4	1057	-5	0	0	2772
94	4	1061	-5	0	0	2786
91	4	1068	-4	0	0	2800
83	4	1065	-4	0	0	2815
90	4	1069	-4	0	0	2830
94	4	1065	-5	0	0	2844
98	4	1072	-5	0	0	2872
95	4	1066	-5	0	0	2886
98	4	1065	-5	0	0	2900
95	4	1065	-5	0	0	2914
98	4	1061	-5	0	0	2928
88	0	1068	-4	0	0	2942
87	4	1058	-4	0	0	2956
86	4	1064	-4	0	0	2984
90	4	1054	-4	0	0	2998
94	4	1060	-5	0	0	3013
98	7	1061	-5	0	0	3029
95	4	1065	-5	0	0	3043
91	4	1061	-4	0	0	3057
94	4	1061	-5	0	0	3071
94	4	1061	-5	0	0	3098
91	4	1065	-4	0	0	3112
90	4	1061	-4	0	0	3129
94	4	1068	-5	0	0	3143
98	4	1062	-5	0	0	3157
98	4	1061	-5	0	0	3171
95	4	1061	-5	0	0	3185
95	4	1065	-5	0	0	3213
91	4	1054	-4	0	0	3227
90	4	1064	-4	0	0	3242
90	4	1065	-4	0	0	3256
87	0	1069	-4	0	0	3270
94	4	1065	-5	0	0	3284
91	4	1065	-4	0	0	3298
95	4	1064	-5	0	0	3326
94	4	1061	-5	0	0	3341
94	4	1065	-5	0	0	3355
91	4	1061	-4	0	0	3369
98	4	1065	-5	0	0	3383
95	4	1061	-5	0	0	3397
94	4	1058	-5	0	0	3410
94	4	1068	-5	0	0	3442
91	4	1058	-4	0	0	3456
94	4	1064	-5	0	0	3470
91	4	1065	-4	0	0	3484
94	4	1061	-5	0	0	3498
94	0	1065	-5	0	0	3512
94	4	1061	-5	0	0	3526
90	4	1061	-4	0	0	3554
94	0	1061	-5	0	0	3568
91	4	1054	-4	0	0	3582
94	4	1060	-5	0	0	3595
94	4	1068	-5	0	0	3609
98	4	1062	-5	0	0	3623
95	4	1065	-5	0	0	3638
91	4	1061	-4	0	0	3668
87	4	1065	-4	0	0	3682
90	4	1065	-4	0	0	3696
90	4	1065	-4	0	0	3710
90	0	1069	-4	0	0	3723
87	7	1034	-4	0	0	3738
101	4	1136	-5	0	0	3753
122	22	1155	-6	1	0	3782
87	-15	971	-5	0	0	3797
101	-2	1088	-5	0	0	3811
113	14	1145	-5	0	0	3825
82	12	1020	-4	0	0	3840
82	5	1082	-4	0	0	3855
88	-10	1034	-4	0	0	3896
87	3	1034	-4	0	0	3910
97	4	1083	-5	0	0	3924
80	0	1035	-4	0	0	3938
93	11	1101	-4	0	0	3954
91	8	1062	-4	0	0	3968
120	4	1081	-6	0	0	3995
111	0	1042	-6	0	0	4009
96	-14	1070	-5	0	0	4023
102	6	1073	-5	0	0	4037
88	11	1055	-4	0	0	4052
104	5	1085	-5	0	0	4066
88	-3	1056	-4	0	0	4080
120	4	1054	-6	0	0	4108
125	-10	1060	-6	0	0	4122
136	3	1065	-7	0	0	4136
113	14	1054	-6	0	0	4151
128	-6	1075	-6	0	0	4168
108	3	1059	-5	0	0	4182
110	4	1050	-5	0	0	4196
88	0	1065	-4	0	0	4224
90	-11	1076	-4	0	0	4238
94	17	1077	-4	0	0	4252
55	33	1073	-2	1	0	4267
136	-14	1045	-7	0	0	4281
120	-9	1059	-6	0	0	4295
80	21	1054	-4	1	0	4323
72	13	1060	-3	0	0	4337
64	8	1065	-3	0	0	4352
95	1	1076	-5	0	0	4367
101	4	1070	-5	0	0	4381
113	4	1062	-6	0	0	4395
71	4	1054	-3	0	0	4409
89	-42	1066	-4	-2	0	4437
76	21	1051	-4	1	0	4451
142	34	1049	-7	1	0	4466
92	18	1060	-4	0	0	4480
76	23	1061	-4	1	0	4494
82	-1	1082	-4	0	0	4508
58	3	1056	-3	0	0	4522
58	4	1056	-3	0	0	4550
55	4	1057	-3	0	0	4565
90	-3	1075	-4	0	0	4579
94	0	1059	-5	0	0	4593
126	0	1068	-6	0	0	4607
119	4	1065	-6	0	0	4621
112	0	1065	-6	0	0	4649
117	-7	1069	-6	0	0	4666
114	3	1062	-6	0	0	4680
114	11	1058	-6	0	0	4694
107	1	1068	-5	0	0	4708
60	4	1055	-3	0	0	4722
105	-3	1068	-5	0	0	4736
109	7	1058	-5	0	0	4764
142	4	1064	-7	0	0	4779
117	7	1061	-6	0	0	4793
143	1	1058	-7	0	0	4808
149	11	1061	-7	0	0	4822
156	5	1050	-8	0	0	4836
108	-3	1067	-5	0	0	4850
97	4	1059	-5	0	0	4879
77	-70	1064	-4	-3	0	4895
160	-11	1044	-8	0	0	4910
143	17	1063	-7	0	0	4924
166	9	1051	-9	0	0	4938
148	4	1074	-7	0	0	4952
142	3	1041	-7	0	0	4981
120	-7	1052	-6	0	0	4995
65	-8	1050	-3	0	0	5009
77	3	1035	-4	0	0	5023
114	-24	1066	-6	-1	0	5037
209	-13	1047	-11	0	0	5051
191	-1	1060	-10	0	0	5065
198	-20	1028	-10	-1	0	5093
137	9	1061	-7	0	0	5108
159	33	1089	-8	1	0	5122
101	21	1039	-5	1	0	5135
123	-58	1038	-6	-3	0	5149
143	37	1048	-7	1	0	5163
120	47	1033	-6	2	0	5192
178	-31	1044	-9	-1	0	5206
149	0	1077	-7	0	0	5220
68	-14	1056	-3	0	0	5233
102	-19	1092	-5	-1	0	5247
205	-41	1078	-10	-2	0	5261
186	-6	997	-10	0	0	5291
210	-22	1033	-11	-1	0	5305
141	76	1069	-7	4	0	5319
127	25	1090	-6	1	0	5333
115	-29	1078	-6	-1	0	5346
96	15	1056	-5	0	0	5360
169	12	1043	-9	0	0	5374
201	-4	1078	-10	0	0	5403
147	21	1116	-7	1	0	5417
110	-33	1098	-5	-1	0	5431
64	-53	1111	-3	-2	0	5445
49	-5	1038	-2	0	0	5459
164	10	1059	-8	0	0	5473
63	72	1041	-3	3	0	5500
66	11	1112	-3	0	0	5514
102	-24	1098	-5	-1	0	5528
152	72	1036	-8	3	0	5542
146	60	1044	-7	3	0	5556
163	13	1052	-8	0	0	5570
23	8	1131	-1	0	0	5583
109	97	1052	-5	5	0	5613
159	73	1042	-8	3	0	5627
182	29	1031	-10	1	0	5641
114	-15	1090	-5	0	0	5654
33	30	1068	-1	1	0	5668
35	42	1094	-1	2	0	5683
175	140	1013	-9	7	0	5711
113	39	1099	-5	2	0	5725
86	106	1058	-4	5	0	5739
90	103	1029	-4	5	0	5752
97	102	1065	-5	5	0	5766
63	120	1058	-3	6	0	5780
102	100	1107	-5	5	0	5794
87	163	1063	-4	8	0	5823
175	144	1058	-9	7	0	5837
131	170	1040	-7	9	0	5850
147	169	1024	-8	9	0	5864
209	144	1018	-11	7	0	5878
63	50	1149	-3	2	0	5892
105	316	1010	-5	17	0	5920
117	350	946	-6	20	0	5934
97	230	989	-5	13	0	5948
148	207	1004	-8	11	0	5962
142	328	995	-7	18	0	5976
35	263	1136	-1	13	0	5991
184	329	944	-10	18	0	6018
171	362	936	-9	20	0	6032
91	390	935	-5	22	0	6046
186	343	953	-10	19	0	6060
-3	324	1093	0	16	0	6074
46	354	1011	-2	19	0	6087
135	375	943	-7	21	0	6101
121	418	934	-6	23	0	6130
16	293	1091	0	15	0	6144
115	372	1000	-6	20	0	6158
238	327	991	-12	17	0	6171
155	496	874	-8	29	0	6185
37	417	943	-2	23	0	6202
3	394	1025	0	21	0	6230
89	446	958	-4	24	0	6244
200	398	924	-11	22	0	6258
190	415	899	-10	24	0	6272
47	572	956	-2	30	0	6285
-34	422	1047	1	21	0	6302
228	417	971	-12	22	0	6330
108	516	896	-5	29	0	6344
89	518	896	-4	29	0	6358
186	558	882	-10	31	0	6372
57	551	944	-3	30	0	6386
-1	356	1056	0	18	0	6401
45	773	786	-2	44	0	6444
61	650	874	-3	36	0	6458
17	426	929	0	24	0	6472
157	449	914	-8	25	0	6486
196	540	887	-10	30	0	6501
-37	942	676	1	54	0	6515
-1	437	915	0	25	0	6543
138	454	933	-7	25	0	6557
268	473	861	-15	27	0	6571
193	553	893	-10	31	0	6584
48	826	765	-2	47	0	6598
298	712	558	-18	48	0	6615
-45	856	817	2	46	0	6643
41	775	842	-2	42	0	6657
220	502	866	-12	29	0	6671
213	549	840	-11	32	0	6685
-57	872	696	2	51	0	6699
-87	795	812	4	44	0	6716
37	603	764	-2	38	0	6730
-137	892	783	6	48	0	6757
-14	828	761	0	47	0	6772
-37	804	706	1	48	0	6786
194	491	838	-11	29	0	6800
104	650	749	-6	40	0	6814
-21	783	690	1	48	0	6828
-7	840	678	0	51	0	6857
-4	745	697	0	46	0	6871
-36	725	689	2	46	0	6884
85	670	762	-4	41	0	6898
44	888	614	-2	55	0	6913
40	768	677	-2	48	0	6928
82	798	676	-4	49	0	6942
-42	855	659	2	52	0	6969
6	828	621	0	53	0	6983
-10	1017	582	0	60	0	6997
-1	844	592	0	54	0	7011
-25	802	615	1	52	0	7026
-45	819	631	2	52	0	7040
0	800	615	0	52	0	7068
0	855	581	0	55	0	7082
11	860	575	0	56	0	7096
-24	903	546	1	58	0	7110
-6	868	574	0	56	0	7127
31	833	595	-1	54	0	7141
42	865	569	-2	56	0	7155
56	882	524	-3	59	0	7183
80	881	519	-4	59	0	7197
58	898	508	-3	60	0	7212
76	889	507	-4	60	0	7227
71	895	496	-3	60	0	7241
53	914	467	-2	62	0	7255
32	892	474	-1	61	0	7285
14	942	465	0	63	0	7299
47	897	471	-2	62	0	7313
65	917	464	-3	62	0	7327
52	877	496	-2	60	0	7341
30	876	548	-1	57	0	7355
49	947	483	-2	62	0	7369
32	887	498	-1	60	0	7396
-18	906	527	0	59	0	7410
-30	869	541	1	58	0	7425
-21	883	585	1	56	0	7440
-6	891	571	0	57	0	7454
-75	896	520	4	59	0	7468
31	868	661	-1	52	0	7498
-8	904	660	0	53	0	7512
59	748	685	-3	47	0	7527
84	782	709	-4	47	0	7541
15	832	662	0	51	0	7554
168	699	798	-8	40	0	7568
52	890	649	-2	53	0	7582
146	747	695	-8	46	0	7610
64	747	650	-3	48	0	7624
77	704	670	-4	46	0	7638
100	629	753	-5	39	0	7652
176	622	800	-9	37	0	7666
173	671	784	-9	39	0	7680
183	676	825	-9	38	0	7708
96	697	818	-5	40	0	7723
73	713	814	-3	41	0	7736
138	694	863	-7	38	0	7750
134	653	861	-7	36	0	7764
120	596	864	-6	34	0	7778
72	597	861	-3	34	0	7792
82	627	825	-4	37	0	7819
68	625	868	-3	35	0	7834
32	639	847	-1	37	0	7849
39	510	902	-2	29	0	7864
32	610	826	-1	36	0	7878
42	581	857	-2	34	0	7892
128	394	1084	-6	19	0	7920
193	386	1000	-10	20	0	7935
69	421	956	-3	23	0	7949
32	537	923	-1	30	0	7963
31	581	888	-1	33	0	7977
35	518	909	-1	29	0	7991
85	420	968	-4	23	0	8006
144	265	1192	-6	12	0	8033
92	373	1049	-4	19	0	8048
23	455	989	-1	24	0	8062
27	481	951	-1	26	0	8076
59	455	944	-3	25	0	8090
63	435	947	-3	24	0	8103
216	237	986	-12	13	0	8131
103	155	1121	-5	7	0	8148
88	270	1035	-4	14	0	8162
19	402	924	-1	23	0	8176
5	433	913	0	25	0	8190
110	333	972	-6	18	0	8205
200	63	1203	-9	2	0	8232
218	229	1089	-11	11	0	8247
82	316	1036	-4	16	0	8260
93	357	967	-5	20	0	8274
236	393	960	-12	21	0	8288
384	163	1037	-20	8	0	8302
336	158	1048	-17	8	0	8316
-19	251	1106	0	12	0	8345
37	248	991	-2	14	0	8359
127	226	1040	-6	12	0	8373
168	235	1031	-9	12	0	8387
123	204	1051	-6	10	0	8401
129	218	1049	-6	11	0	8415
54	244	1044	-2	13	0	8442
76	198	1035	-4	10	0	8459
78	158	1058	-4	8	0	8473
68	111	1057	-3	6	0	8487
53	85	1061	-2	4	0	8501
150	118	1065	-7	6	0	8516
181	198	1038	-9	10	0	8544
170	193	1055	-9	10	0	8557
63	171	1099	-3	8	0	8571
42	173	1083	-2	9	0	8585
47	173	1063	-2	9	0	8599
79	159	1054	-4	8	0	8613
72	150	1046	-3	8	0	8626
27	178	1006	-1	10	0	8654
34	177	1003	-1	10	0	8669
28	159	1030	-1	8	0	8683
28	143	1037	-1	7	0	8697
49	135	1027	-2	7	0	8713
107	56	1065	-5	2	0	8727
100	58	1053	-5	3	0	8755
123	-5	1117	-6	0	0	8769
80	17	1099	-4	0	0	8783
57	26	1093	-3	1	0	8797
73	45	1082	-3	2	0	8811
67	68	1056	-3	3	0	8825
49	70	1046	-2	3	0	8838
117	-1	1078	-6	0	0	8869
111	3	1038	-6	0	0	8883
82	22	1087	-4	1	0	8898
29	55	1096	-1	2	0	8912
31	66	1075	-1	3	0	8926
28	56	1070	-1	3	0	8940
78	87	1037	-4	4	0	8982
100	79	1059	-5	4	0	8996
95	65	1050	-5	3	0	9010
63	60	1042	-3	3	0	9024
91	-5	1056	-4	0	0	9038
83	-39	1068	-4	-2	0	9052
128	70	1060	-6	3	0	9083
204	-18	1135	-10	0	0	9096
247	-129	1146	-12	-6	0	9110
148	-24	1063	-7	-1	0	9124
75	-52	1086	-3	-2	0	9138
43	-97	1074	-2	-5	0	9152
73	-33	1080	-3	-1	0	9181
135	92	978	-7	5	0	9195
289	52	1039	-15	2	0	9209
312	101	963	-17	5	0	9225
268	-1	1044	-14	0	0	9239
246	-103	1066	-12	-5	0	9253
182	-34	1033	-9	-1	0	9295
146	-42	1048	-7	-2	0	9309
85	-4	1053	-4	0	0	9323
168	-57	1064	-8	-3	0	9337
179	5	1047	-9	0	0	9350
273	11	1081	-14	0	0	9364
245	-51	1061	-12	-2	0	9393
177	34	1047	-9	1	0	9407
159	7	1049	-8	0	0	9421
147	-3	1088	-7	0	0	9435
149	0	1071	-7	0	0	9449
110	0	1051	-5	0	0	9463
125	7	1051	-6	0	0	9494
129	8	1060	-6	0	0	9508
126	8	1057	-6	0	0	9522
115	15	1061	-6	0	0	9537
157	-66	1026	-8	-3	0	9551
90	135	1100	-4	6	0	9564
133	10	1040	-7	0	0	9578
92	10	1049	-5	0	0	9606
98	5	1067	-5	0	0	9620
77	8	1055	-4	0	0	9634
82	1	1068	-4	0	0	9648
79	7	1062	-4	0	0	9662
89	4	1068	-4	0	0	9677
101	24	1051	-5	1	0	9720
84	13	1060	-4	0	0	9734
107	-9	1075	-5	0	0	9748
103	6	1070	-5	0	0	9762
95	8	1065	-5	0	0	9776
98	1	1065	-5	0	0	9791
109	7	1050	-5	0	0	9818
113	4	1060	-6	0	0	9832
114	4	1065	-6	0	0	9846
110	7	1086	-5	0	0	9860
85	29	1060	-4	1	0	9874
108	-8	1036	-5	0	0	9890
120	-4	1055	-6	0	0	9905
138	-3	1070	-7	0	0	9933
131	3	1058	-7	0	0	9947
123	4	1061	-6	0	0	9961
118	7	1050	-6	0	0	9975
118	8	1053	-6	0	0	9992
100	1	1060	-5	0	0	10006
79	4	1069	-4	0	0	10049
86	4	1069	-4	0	0	10063
93	7	1065	-5	0	0	10077
91	8	1062	-4	0	0	10090
101	4	1065	-5	0	0	10104
109	0	1061	-5	0	0	10118
119	-3	1050	-6	0	0	10146
107	3	1064	-5	0	0	10160
110	0	1058	-5	0	0	10174
92	14	1068	-4	0	0	10189
144	-73	1005	-8	-4	0	10203
103	0	1109	-5	0	0	10217
113	14	1042	-6	0	0	10246
110	5	1077	-5	0	0	10260
103	0	1080	-5	0	0	10274
113	4	1049	-6	0	0	10288
110	4	1078	-5	0	0	10302
114	4	1056	-6	0	0	10316
121	4	1064	-6	0	0	10330
117	4	1060	-6	0	0	10358
104	4	1054	-5	0	0	10372
102	0	1067	-5	0	0	10386
102	4	1062	-5	0	0	10403
106	4	1068	-5	0	0	10417
99	7	1058	-5	0	0	10430
99	4	1061	-5	0	0	10472
98	7	1058	-5	0	0	10486
105	4	1061	-5	0	0	10503
106	4	1058	-5	0	0	10517
103	4	1061	-5	0	0	10531
102	7	1065	-5	0	0	10545
99	1	1061	-5	0	0	10573
105	4	1061	-5	0	0	10587
110	4	1065	-5	0	0	10601
96	0	1069	-5	0	0	10616
91	0	1062	-4	0	0	10630
101	4	1068	-5	0	0	10644
99	4	1062	-5	0	0	10658
98	4	1061	-5	0	0	10686
105	4	1058	-5	0	0	10701
106	0	1061	-5	0	0	10716
106	0	1061	-5	0	0	10730
106	4	1058	-5	0	0	10744
110	4	1064	-5	0	0	10758
102	0	1058	-5	0	0	10786
109	4	1061	-5	0	0	10801
106	11	1061	-5	0	0	10815
117	5	1058	-6	0	0	10829
114	4	1061	-6	0	0	10843
110	4	1058	-5	0	0	10857
110	4	1057	-5	0	0	10871
110	4	1061	-5	0	0	10899
114	4	1061	-6	0	0	10914
117	4	1058	-6	0	0	10929
114	0	1064	-6	0	0	10943
114	0	1061	-6	0	0	10957
114	4	1061	-6	0	0	10971
107	0	1057	-5	0	0	10999
103	0	1064	-5	0	0	11016
109	4	1065	-5	0	0	11031
110	4	1065	-5	0	0	11044
106	4	1065	-5	0	0	11058
106	0	1061	-5	0	0	11073
106	4	1061	-5	0	0	11087
98	4	1061	-5	0	0	11115
102	4	1061	-5	0	0	11129
109	4	1061	-5	0	0	11143
110	0	1061	-5	0	0	11157
106	0	1065	-5	0	0	11171
106	4	1061	-5	0	0	11185
95	0	1065	-5	0	0	11229
101	4	1058	-5	0	0	11243
99	4	1057	-5	0	0	11257
105	4	1057	-5	0	0	11270
106	4	1068	-5	0	0	11284
103	0	1065	-5	0	0	11298
106	4	1061	-5	0	0	11328
103	4	1061	-5	0	0	11342
102	4	1061	-5	0	0	11356
102	4	1061	-5	0	0	11370
106	0	1058	-5	0	0	11385
106	4	1061	-5	0	0	11399
106	4	1058	-5	0	0	11413
110	0	1061	-5	0	0	11441
114	0	1061	-6	0	0	11455
114	0	1058	-6	0	0	11469
114	0	1064	-6	0	0	11483
103	0	1065	-5	0	0	11497
102	0	1061	-5	0	0	11511
109	4	1061	-5	0	0	11540
110	4	1061	-5	0	0	11554
106	0	1068	-5	0	0	11568
106	0	1062	-5	0	0	11582
99	4	1061	-5	0	0	11597
102	4	1061	-5	0	0	11611
106	0	1058	-5	0	0	11625
99	4	1061	-5	0	0	11652
105	4	1061	-5	0	0	11666
106	4	1061	-5	0	0	11680
103	4	1061	-5	0	0	11694
106	4	1061	-5	0	0	11708
99	4	1061	-5	0	0	11723
102	0	1057	-5	0	0	11752
109	4	1061	-5	0	0	11766
110	4	1061	-5	0	0	11780
106	4	1065	-5	0	0	11794
106	4	1061	-5	0	0	11808
110	0	1058	-5	0	0	11822
110	0	1054	-5	0	0	11837
110	0	1068	-5	0	0	11865
103	4	1062	-5	0	0	11879
106	4	1065	-5	0	0	11894
106	4	1061	-5	0	0	11908
106	0	1061	-5	0	0	11922
110	0	1061	-5	0	0	11936
106	0	1061	-5	0	0	11965
106	0	1061	-5	0	0	11979
106	0	1061	-5	0	0	11993
106	4	1058	-5	0	0	12007
110	0	1057	-5	0	0	12021
110	4	1061	-5	0	0	12035
106	0	1061	-5	0	0	12050
106	4	1057	-5	0	0	12078
99	0	1057	-5	0	0	12092
105	4	1061	-5	0	0	12106
110	4	1058	-5	0	0	12120
106	4	1061	-5	0	0	12135
110	0	1058	-5	0	0	12150
103	0	1061	-5	0	0	12178
102	-4	1061	-5	0	0	12192
102	3	1065	-5	0	0	12206
99	4	1061	-5	0	0	12220
109	4	1054	-5	0	0	12235
103	4	1053	-5	0	0	12249
116	4	1057	-6	0	0	12263
118	4	1058	-6	0	0	12292
121	4	1057	-6	0	0	12306
115	4	1057	-6	0	0	12320
103	0	1061	-5	0	0	12334
92	0	1068	-4	0	0	12348
91	4	1058	-4	0	0	12362
97	4	1064	-5	0	0	12376
97	0	1065	-5	0	0	12404
88	14	1072	-4	0	0	12418
104	1	1066	-5	0	0	12431
113	4	1065	-6	0	0	12445
117	0	1062	-6	0	0	12460
118	4	1065	-6	0	0	12474
100	8	1060	-5	0	0	12502
98	1	1061	-5	0	0	12516
91	7	1058	-4	0	0	12530
90	4	1064	-4	0	0	12545
97	0	1058	-5	0	0	12559
95	4	1061	-5	0	0	12572
105	4	1058	-5	0	0	12586
109	0	1065	-5	0	0	12614
114	4	1061	-6	0	0	12628
117	0	1061	-6	0	0	12642
111	4	1061	-5	0	0	12659
107	4	1068	-5	0	0	12673
103	7	1058	-5	0	0	12687
98	0	1061	-5	0	0	12715
98	4	1068	-5	0	0	12729
102	4	1065	-5	0	0	12743
99	4	1058	-5	0	0	12758
102	4	1061	-5	0	0	12772
106	0	1058	-5	0	0	12786
106	4	1061	-5	0	0	12800
106	4	1054	-5	0	0	12828
106	4	1060	-5	0	0	12842
103	4	1061	-5	0	0	12856
106	4	1061	-5	0	0	12870
103	4	1061	-5	0	0	12885
99	0	1061	-5	0	0	12899
109	4	1065	-5	0	0	12913
103	4	1064	-5	0	0	12941
102	4	1061	-5	0	0	12955
106	0	1065	-5	0	0	12970
103	0	1061	-5	0	0	12984
106	0	1061	-5	0	0	12999
103	4	1065	-5	0	0	13013
137	39	1065	-7	2	0	13041
113	22	1047	-6	1	0	13056
114	-16	1074	-6	0	0	13071
93	2	1059	-5	0	0	13085
91	4	1050	-4	0	0	13099
97	4	1071	-5	0	0	13113
107	4	1067	-5	0	0	13155
103	4	1037	-5	0	0	13169
106	29	1059	-5	1	0	13183
110	-1	1057	-5	0	0	13196
106	3	1064	-5	0	0	13210
110	7	1072	-5	0	0	13224
106	4	1077	-5	0	0	13252
113	4	1077	-6	0	0	13266
79	4	1049	-4	0	0	13281
50	4	1049	-2	0	0	13295
19	22	1102	-1	1	0	13309
62	23	1069	-3	1	0	13323
91	9	1072	-4	0	0	13337
107	-120	1063	-5	-6	0	13365
156	133	1001	-8	7	0	13380
97	-54	1098	-5	-2	0	13394
73	12	1036	-4	0	0	13408
167	12	1055	-8	0	0	13422
119	1	1089	-6	0	0	13436
118	21	1101	-6	1	0	13465
79	23	1107	-4	1	0	13479
54	6	1087	-2	0	0	13492
37	11	1096	-1	0	0	13506
92	-9	1043	-5	0	0	13520
91	34	1081	-4	1	0	13534
166	21	1067	-8	1	0	13562
155	-12	1065	-8	0	0	13577
150	24	1051	-8	1	0	13591
160	77	1078	-8	4	0	13605
257	39	1151	-12	1	0	13619
277	160	1120	-13	7	0	13632
155	363	1008	-8	19	0	13660
44	40	1243	-2	1	0	13674
118	78	1161	-5	3	0	13689
302	181	1096	-15	9	0	13703
285	61	1114	-14	3	0	13716
191	148	1052	-10	7	0	13730
203	61	1085	-10	3	0	13744
276	170	981	-15	9	0	13773
268	120	1000	-14	6	0	13788
239	118	991	-13	6	0	13801
229	121	1015	-12	6	0	13815
246	217	968	-13	12	0	13829
262	230	970	-14	12	0	13843
208	158	1077	-10	8	0	13871
194	150	1077	-10	7	0	13885
253	227	1017	-13	12	0	13899
269	288	975	-14	15	0	13913
267	298	964	-14	16	0	13927
241	268	974	-13	14	0	13954
272	310	968	-14	17	0	13968
317	441	946	-16	23	0	13985
350	476	940	-18	25	0	13999
311	465	978	-16	24	0	14014
272	407	1056	-13	20	0	14028
284	518	948	-14	27	0	14056
272	543	919	-14	29	0	14069
250	525	930	-13	28	0	14086
195	587	864	-10	33	0	14100
253	543	882	-13	30	0	14114
227	507	912	-12	28	0	14128
185	447	901	-10	25	0	14156
160	423	921	-8	24	0	14170
147	449	909	-8	25	0	14184
163	501	869	-9	29	0	14199
168	524	858	-9	30	0	14212
151	544	864	-8	31	0	14226
116	569	864	-6	33	0	14254
79	577	857	-4	33	0	14268
68	585	850	-3	34	0	14283
78	596	838	-4	35	0	14298
75	615	827	-4	36	0	14312
92	645	811	-5	38	0	14326
101	645	810	-5	38	0	14339
136	622	836	-7	36	0	14367
155	618	830	-8	36	0	14381
153	610	826	-8	35	0	14396
153	592	829	-8	35	0	14410
157	600	829	-8	35	0	14424
161	629	812	-8	37	0	14438
143	680	786	-7	40	0	14465
135	680	800	-7	39	0	14479
123	669	805	-6	39	0	14496
104	654	823	-5	38	0	14510
109	645	836	-5	37	0	14524
128	627	844	-6	36	0	14538
163	607	877	-8	34	0	14566
172	605	887	-9	33	0	14580
191	634	867	-10	35	0	14596
185	633	872	-9	35	0	14611
171	594	887	-9	33	0	14624
155	572	892	-8	32	0	14638
125	505	945	-6	27	0	14666
136	489	961	-7	26	0	14680
155	466	959	-8	25	0	14695
175	453	966	-9	24	0	14710
212	452	956	-11	24	0	14724
219	452	937	-11	25	0	14737
191	406	932	-10	23	0	14765
146	394	939	-8	22	0	14779
138	386	953	-7	21	0	14793
148	399	980	-7	21	0	14808
156	415	965	-8	23	0	14822
161	423	949	-8	23	0	14836
162	405	917	-9	23	0	14864
161	422	912	-9	24	0	14878
186	428	905	-10	24	0	14892
227	407	904	-12	23	0	14906
249	384	911	-14	22	0	14920
251	346	912	-14	20	0	14934
251	302	926	-14	17	0	14961
241	267	959	-13	15	0	14975
247	264	980	-13	14	0	14989
255	260	989	-13	14	0	15005
255	263	990	-14	14	0	15019
241	263	990	-13	14	0	15033
211	239	983	-11	13	0	15062
198	215	976	-11	12	0	15076
193	188	971	-11	10	0	15090
207	167	992	-11	9	0	15105
208	141	1022	-11	7	0	15120
187	134	1043	-10	7	0	15134
128	97	1068	-6	5	0	15161
119	80	1094	-6	4	0	15176
114	86	1093	-5	4	0	15190
110	97	1096	-5	5	0	15205
103	88	1093	-5	4	0	15219
198	-189	1397	-7	-7	0	15233
-52	124	1273	2	5	0	15261
317	133	1051	-16	6	0	15275
350	126	1025	-18	6	0	15288
215	126	1149	-10	6	0	15302
213	94	1112	-10	4	0	15317
195	-26	1045	-10	-1	0	15331
209	-65	1029	-11	-3	0	15359
152	-42	1019	-8	-2	0	15373
157	-29	997	-8	-1	0	15387
58	-17	1086	-3	0	0	15401
-65	221	1223	2	10	0	15418
96	252	1084	-4	13	0	15432
65	22	1110	-3	1	0	15459
52	30	1091	-2	1	0	15473
69	-18	1022	-3	-1	0	15487
102	-23	1050	-5	-1	0	15501
74	37	1088	-3	1	0	15517
71	14	1085	-3	0	0	15532
40	28	1060	-2	1	0	15559
54	17	1050	-2	0	0	15574
94	-5	1064	-5	0	0	15588
105	-11	1079	-5	0	0	15602
138	-1	1116	-7	0	0	15616
85	-21	1081	-4	-1	0	15630
93	54	1024	-5	3	0	15644
103	-6	1068	-5	0	0	15672
78	-22	1079	-4	-1	0	15686
146	-6	1084	-7	0	0	15700
128	24	1049	-6	1	0	15714
98	17	1074	-5	0	0	15728
91	5	1069	-4	0	0	15742
106	-8	1076	-5	0	0	15770
120	3	1073	-6	0	0	15784
129	7	1052	-6	0	0	15798
119	4	1071	-6	0	0	15812
129	-3	1055	-6	0	0	15829
123	0	1053	-6	0	0	15843
119	0	1054	-6	0	0	15871
107	0	1064	-5	0	0	15885
106	0	1065	-5	0	0	15900
99	4	1061	-5	0	0	15914
102	4	1061	-5	0	0	15927
99	4	1065	-5	0	0	15941
102	4	1065	-5	0	0	15955
106	0	1068	-5	0	0	15983
103	4	1069	-5	0	0	15997
106	4	1065	-5	0	0	16011
99	0	1062	-5	0	0	16026
105	4	1054	-5	0	0	16041
113	4	1057	-6	0	0	16055
103	0	1057	-5	0	0	16084
106	4	1064	-5	0	0	16098
103	4	1068	-5	0	0	16112
102	4	1065	-5	0	0	16128
109	4	1062	-5	0	0	16143
113	4	1065	-6	0	0	16157
110	4	1065	-5	0	0	16171
110	4	1058	-5	0	0	16200
103	0	1057	-5	0	0	16214
102	4	1057	-5	0	0	16229
102	4	1061	-5	0	0	16243
106	4	1061	-5	0	0	16258
106	4	1061	-5	0	0	16272
110	4	1061	-5	0	0	16300
106	0	1061	-5	0	0	16314
106	0	1061	-5	0	0	16327
103	0	1068	-5	0	0	16341
102	4	1065	-5	0	0	16355
102	4	1062	-5	0	0	16369
102	4	1061	-5	0	0	16383
110	4	1061	-5	0	0	16411
110	4	1065	-5	0	0	16425
114	4	1051	-6	0	0	16439
103	11	1071	-5	0	0	16454
99	1	1055	-5	0	0	16468
109	4	1053	-5	0	0	16482
109	4	1059	-5	0	0	16510
106	0	1064	-5	0	0	16524
103	4	1069	-5	0	0	16538
155	-81	1037	-8	-4	0	16552
76	162	1055	-4	8	0	16566
135	59	965	-7	3	0	16580
88	-22	1059	-4	-1	0	16594
115	14	1035	-6	0	0	16621
89	-9	1041	-4	0	0	16635
108	10	1063	-5	0	0	16650
99	19	1029	-5	1	0	16664
105	2	1097	-5	0	0	16678
85	7	1054	-4	0	0	16692
103	8	1074	-5	0	0	16720
116	-3	1062	-6	0	0	16735
93	7	1068	-4	0	0	16750
101	4	1051	-5	0	0	16764
102	4	1053	-5	0	0	16778
109	4	1060	-5	0	0	16792
110	4	1040	-6	0	0	16806
106	0	1048	-5	0	0	16834
110	0	1056	-5	0	0	16848
110	4	1064	-5	0	0	16862
106	4	1051	-5	0	0	16876
110	7	1071	-5	0	0	16890
106	4	1059	-5	0	0	16904
99	4	1060	-5	0	0	16931
105	4	1061	-5	0	0	16947
106	4	1068	-5	0	0	16961
103	4	1062	-5	0	0	16975
102	4	1065	-5	0	0	16989
102	7	1065	-5	0	0	17003
102	4	1058	-5	0	0	17017
103	4	1058	-5	0	0	17045
106	4	1057	-5	0	0	17060
103	0	1061	-5	0	0	17074
109	4	1054	-5	0	0	17089
106	4	1057	-5	0	0	17103
106	0	1057	-5	0	0	17117
103	7	1064	-5	0	0	17145
102	4	1061	-5	0	0	17160
109	4	1058	-5	0	0	17174
106	0	1064	-5	0	0	17188
110	4	1061	-5	0	0	17202
99	7	1061	-5	0	0	17217
102	4	1065	-5	0	0	17231
109	4	1061	-5	0	0	17259
110	4	1058	-5	0	0	17273
110	4	1061	-5	0	0	17287
103	4	1061	-5	0	0	17301
106	4	1058	-5	0	0	17315
103	4	1064	-5	0	0	17329
106	4	1065	-5	0	0	17372
103	7	1058	-5	0	0	17386
106	1	1064	-5	0	0	17400
110	4	1065	-5	0	0	17415
110	4	1058	-5	0	0	17429
103	4	1064	-5	0	0	17443
110	4	1065	-5	0	0	17472
103	4	1058	-5	0	0	17486
102	4	1057	-5	0	0	17500
106	4	1061	-5	0	0	17514
106	4	1058	-5	0	0	17528
106	4	1057	-5	0	0	17542
113	7	1064	-6	0	0	17556
107	4	1061	-5	0	0	17585
103	4	1058	-5	0	0	17599
99	4	1057	-5	0	0	17613
102	4	1061	-5	0	0	17627
102	4	1058	-5	0	0	17641
102	4	1057	-5	0	0	17655
103	4	1061	-5	0	0	17686
109	4	1065	-5	0	0	17699
106	4	1065	-5	0	0	17713
106	4	1061	-5	0	0	17727
106	4	1061	-5	0	0	17741
106	4	1061	-5	0	0	17755
103	4	1065	-5	0	0	17772
106	4	1061	-5	0	0	17800
106	4	1058	-5	0	0	17814
106	4	1061	-5	0	0	17828
106	4	1065	-5	0	0	17842
103	4	1061	-5	0	0	17856
109	4	1061	-5	0	0	17870
110	4	1061	-5	0	0	17899
110	4	1061	-5	0	0	17913
110	4	1061	-5	0	0	17927
107	0	1058	-5	0	0	17941
103	4	1068	-5	0	0	17955
102	4	1065	-5	0	0	17969
109	4	1062	-5	0	0	17986
110	4	1061	-5	0	0	18014
103	0	1058	-5	0	0	18028
102	4	1061	-5	0	0	18042
109	4	1065	-5	0	0	18056
106	4	1065	-5	0	0	18070
103	0	1058	-5	0	0	18085
106	4	1065	-5	0	0	18113
106	7	1058	-5	0	0	18128
106	4	1064	-5	0	0	18142
110	4	1054	-5	0	0	18156
106	4	1057	-5	0	0	18170
103	0	1061	-5	0	0	18184
106	0	1065	-5	0	0	18201
109	4	1065	-5	0	0	18229
110	7	1065	-5	0	0	18243
106	4	1054	-5	0	0	18257
103	4	1068	-5	0	0	18271
102	4	1062	-5	0	0	18285
99	4	1075	-5	0	0	18299
117	7	1062	-6	0	0	18327
118	4	1061	-6	0	0	18342
111	7	1061	-5	0	0	18356
107	1	1058	-5	0	0	18370
96	4	1057	-5	0	0	18384
94	4	1054	-5	0	0	18398
98	0	1060	-5	0	0	18412
110	7	1065	-5	0	0	18440
114	4	1058	-6	0	0	18453
110	0	1057	-5	0	0	18467
110	4	1061	-5	0	0	18482
99	4	1061	-5	0	0	18497
105	0	1065	-5	0	0	18511
103	4	1065	-5	0	0	18553
106	7	1058	-5	0	0	18567
110	4	1064	-5	0	0	18581
110	4	1061	-5	0	0	18595
106	4	1058	-5	0	0	18609
113	7	1050	-6	0	0	18623
100	24	1051	-5	1	0	18651
130	-5	1074	-6	0	0	18665
112	10	1062	-6	0	0	18679
139	1	1061	-7	0	0	18696
102	4	1068	-5	0	0	18710
116	0	1034	-6	0	0	18724
91	1	1068	-4	0	0	18752
83	4	1051	-4	0	0	18766
86	4	1081	-4	0	0	18780
90	7	1053	-4	0	0	18794
101	8	1067	-5	0	0	18807
102	4	1069	-5	0	0	18821
102	4	1048	-5	0	0	18835
95	4	1069	-5	0	0	18863
101	7	1065	-5	0	0	18877
102	4	1072	-5	0	0	18892
120	-24	1041	-6	-1	0	18908
115	8	1059	-6	0	0	18922
142	8	1040	-7	0	0	18935
110	16	1041	-6	0	0	18977
106	12	1091	-5	0	0	18991
106	19	1082	-5	1	0	19006
50	13	1042	-2	0	0	19020
58	-13	1077	-3	0	0	19034
105	16	1063	-5	0	0	19048
207	-54	1047	-11	-2	0	19075
311	-27	1095	-15	-1	0	19089
215	132	1125	-10	6	0	19103
106	105	1209	-5	4	0	19117
53	141	1175	-2	6	0	19131
-44	28	1200	2	1	0	19145
143	200	1088	-7	10	0	19174
170	222	1018	-9	12	0	19188
190	256	1018	-10	13	0	19202
178	238	1014	-9	13	0	19217
170	247	1003	-9	13	0	19230
173	223	1073	-8	11	0	19244
246	214	1061	-12	11	0	19272
258	195	1054	-13	10	0	19286
213	292	1032	-11	15	0	19301
212	284	1037	-11	15	0	19316
198	226	1041	-10	12	0	19330
201	373	1009	-10	19	0	19372
200	416	999	-10	22	0	19386
179	427	998	-9	22	0	19399
166	428	995	-8	23	0	19413
162	457	994	-8	24	0	19428
216	507	955	-11	27	0	19456
216	518	948	-11	28	0	19469
184	501	965	-9	27	0	19483
128	457	991	-6	24	0	19497
108	452	998	-5	24	0	19511
152	494	952	-8	27	0	19525
198	533	892	-10	30	0	19567
168	506	899	-9	28	0	19581
137	489	903	-7	28	0	19595
130	495	900	-7	28	0	19610
133	523	868	-7	30	0	19625
127	540	865	-7	31	0	19639
107	570	868	-5	33	0	19666
127	577	854	-7	33	0	19680
147	592	835	-8	34	0	19694
149	622	830	-8	36	0	19708
142	628	822	-7	36	0	19723
131	657	818	-7	38	0	19737
130	668	792	-7	39	0	19765
112	665	797	-6	39	0	19779
110	657	805	-6	38	0	19793
124	656	795	-6	39	0	19807
136	649	783	-7	39	0	19821
148	638	761	-8	39	0	19836
109	661	744	-6	41	0	19863
96	671	743	-5	41	0	19877
84	675	753	-4	41	0	19891
93	662	747	-5	41	0	19905
94	657	743	-5	41	0	19919
101	663	736	-5	41	0	19933
66	708	705	-3	45	0	19961
53	722	700	-2	45	0	19975
34	730	721	-1	45	0	19989
46	727	723	-2	45	0	20003
65	720	712	-3	45	0	20017
74	733	694	-4	46	0	20031
57	750	684	-3	47	0	20058
55	754	680	-3	47	0	20072
73	755	680	-4	47	0	20086
78	755	673	-4	48	0	20100
82	751	665	-4	48	0	20114
86	761	654	-4	49	0	20128
83	759	653	-4	49	0	20142
75	755	686	-4	47	0	20171
85	755	681	-4	47	0	20185
79	765	680	-4	48	0	20199
65	784	687	-3	48	0	20213
52	796	691	-2	48	0	20227
41	826	692	-2	50	0	20241
17	844	698	0	50	0	20269
16	848	703	0	50	0	20283
19	852	696	-1	50	0	20297
20	849	696	-1	50	0	20311
30	845	703	-1	50	0	20326
53	827	721	-2	48	0	20339
81	814	709	-4	48	0	20368
89	814	693	-4	49	0	20382
76	814	699	-4	49	0	20396
78	817	703	-4	49	0	20410
89	803	689	-4	49	0	20424
101	802	681	-5	49	0	20439
113	788	680	-6	48	0	20453
114	782	692	-6	48	0	20480
128	782	688	-7	48	0	20494
126	789	684	-6	48	0	20511
122	786	680	-6	48	0	20525
108	782	687	-5	48	0	20539
113	782	688	-6	48	0	20553
122	764	690	-6	47	0	20581
118	766	684	-6	47	0	20594
114	770	687	-6	47	0	20608
114	774	674	-6	48	0	20622
110	778	665	-6	49	0	20639
110	775	675	-6	48	0	20653
118	777	657	-6	49	0	20681
114	778	653	-6	49	0	20694
118	782	649	-6	49	0	20708
118	796	641	-6	50	0	20722
104	808	627	-5	51	0	20737
92	806	621	-5	52	0	20752
83	806	648	-4	50	0	20779
100	816	627	-5	52	0	20794
102	824	622	-5	52	0	20807
99	822	628	-5	52	0	20821
84	814	636	-4	51	0	20836
90	799	654	-4	50	0	20851
99	779	659	-5	49	0	20878
105	782	646	-5	50	0	20892
110	782	648	-6	49	0	20907
124	782	648	-6	49	0	20921
136	779	634	-7	50	0	20935
148	782	615	-8	51	0	20949
149	796	610	-8	51	0	20976
149	805	599	-8	52	0	20990
153	806	601	-8	52	0	21004
160	809	598	-9	52	0	21018
154	810	597	-8	52	0	21031
139	813	633	-7	51	0	21049
152	821	622	-8	52	0	21077
153	825	618	-8	52	0	21090
143	829	628	-7	52	0	21105
142	829	632	-7	52	0	21119
152	826	619	-8	52	0	21133
146	825	607	-8	52	0	21147
137	810	632	-7	51	0	21188
148	817	629	-8	51	0	21203
163	828	622	-8	52	0	21218
165	833	621	-9	52	0	21233
169	830	635	-9	51	0	21248
169	836	644	-9	51	0	21261
161	856	645	-8	52	0	21290
161	864	637	-8	52	0	21304
175	865	633	-9	52	0	21317
177	868	626	-9	53	0	21331
184	854	643	-9	51	0	21345
195	849	644	-10	51	0	21359
246	833	614	-13	51	0	21387
237	844	599	-12	52	0	21401
186	834	633	-10	51	0	21415
171	823	643	-9	51	0	21429
190	797	651	-10	49	0	21443
217	794	642	-12	49	0	21457
251	790	617	-14	49	0	21484
259	790	617	-14	49	0	21498
302	783	603	-16	49	0	21512
317	775	580	-18	49	0	21526
311	788	574	-17	50	0	21539
311	797	570	-17	50	0	21553
334	775	559	-19	49	0	21583
313	778	565	-18	50	0	21597
300	789	573	-17	50	0	21611
299	783	595	-16	49	0	21625
309	782	608	-17	48	0	21639
335	778	597	-18	48	0	21680
334	764	594	-19	48	0	21694
334	759	601	-19	47	0	21708
331	751	598	-18	47	0	21722
327	754	594	-18	48	0	21736
305	783	585	-17	49	0	21766
313	800	614	-17	49	0	21780
332	805	610	-18	49	0	21794
355	806	606	-19	48	0	21808
375	830	595	-20	49	0	21822
370	843	586	-19	50	0	21836
336	831	597	-18	50	0	21863
317	812	601	-17	50	0	21877
315	799	598	-17	49	0	21891
332	794	601	-18	49	0	21905
334	790	612	-18	48	0	21919
334	797	624	-18	48	0	21933
339	805	602	-18	49	0	21960
299	816	612	-16	50	0	21975
281	814	620	-15	50	0	21989
272	810	635	-14	49	0	22003
282	817	644	-15	49	0	22016
283	828	630	-15	50	0	22030
273	848	614	-14	51	0	22058
261	849	627	-13	51	0	22075
235	845	646	-12	50	0	22089
193	838	687	-10	49	0	22103
186	830	681	-9	49	0	22117
202	854	630	-10	52	0	22132
266	850	596	-14	52	0	22160
295	828	587	-16	51	0	22173
313	772	610	-17	48	0	22187
325	753	609	-18	47	0	22201
333	747	606	-19	47	0	22215
345	743	612	-19	46	0	22230
353	786	584	-19	49	0	22258
357	800	575	-19	49	0	22273
382	802	570	-21	49	0	22288
392	791	570	-21	48	0	22302
393	769	584	-22	47	0	22315
393	777	582	-22	47	0	22329
400	807	557	-22	49	0	22357
358	827	565	-19	51	0	22371
333	829	591	-18	50	0	22388
334	815	618	-18	49	0	22402
359	821	603	-19	49	0	22416
358	846	605	-18	50	0	22430
306	867	609	-16	51	0	22457
289	868	606	-15	52	0	22471
276	865	602	-14	52	0	22486
265	850	630	-14	51	0	22500
274	838	639	-14	50	0	22514
300	830	644	-15	49	0	22527
350	840	582	-18	51	0	22555
353	841	582	-19	51	0	22569
329	813	592	-18	50	0	22584
316	796	597	-17	49	0	22599
283	783	597	-16	49	0	22612
276	789	573	-15	51	0	22626
310	776	536	-18	51	0	22654
325	760	538	-19	50	0	22668
344	752	542	-20	49	0	22682
349	754	539	-20	49	0	22696
364	762	524	-21	50	0	22710
365	755	530	-21	49	0	22724
366	686	548	-22	46	0	22752
373	677	557	-23	45	0	22765
373	701	547	-22	46	0	22779
380	717	546	-22	47	0	22794
399	740	522	-23	48	0	22808
390	750	512	-23	49	0	22822
359	709	548	-21	47	0	22850
379	693	564	-22	45	0	22864
402	688	566	-24	44	0	22878
436	688	555	-26	44	0	22892
447	730	544	-26	46	0	22906
433	736	578	-24	45	0	22933
443	735	578	-25	45	0	22947
444	753	578	-25	45	0	22961
441	758	571	-24	46	0	22975
423	755	566	-24	46	0	22989
407	751	591	-23	46	0	23004
423	790	587	-23	47	0	23032
431	815	561	-23	49	0	23046
418	842	548	-22	50	0	23060
399	830	571	-21	50	0	23073
383	801	584	-21	48	0	23088
371	795	578	-20	49	0	23102
335	817	558	-18	51	0	23130
338	821	569	-18	51	0	23144
373	807	566	-20	49	0	23158
402	802	566	-22	49	0	23172
419	805	555	-23	49	0	23187
420	799	554	-23	48	0	23202
383	798	562	-21	49	0	23230
367	798	558	-20	50	0	23243
362	787	544	-20	50	0	23258
362	790	535	-20	50	0	23272
365	790	535	-20	50	0	23286
369	804	538	-20	50	0	23303
373	787	568	-21	49	0	23331
373	783	570	-21	48	0	23345
380	775	559	-21	48	0	23358
385	767	569	-21	48	0	23372
389	756	577	-22	47	0	23386
400	765	563	-22	47	0	23402
374	789	570	-21	49	0	23430
352	786	577	-19	49	0	23445
343	786	592	-19	48	0	23460
338	782	593	-19	48	0	23474
342	779	597	-19	48	0	23488
345	775	590	-19	48	0	23502
357	763	577	-20	48	0	23530
368	755	574	-21	47	0	23543
369	751	581	-21	47	0	23557
373	751	596	-21	46	0	23571
370	751	597	-21	46	0	23585
377	754	604	-21	46	0	23599
411	778	586	-22	47	0	23628
434	767	582	-24	46	0	23641
432	766	582	-24	46	0	23655
418	759	582	-23	46	0	23669
413	748	585	-23	46	0	23683
399	733	593	-22	45	0	23697
379	760	586	-21	47	0	23727
374	773	582	-21	48	0	23741
380	799	582	-21	48	0	23755
385	798	585	-21	48	0	23769
399	791	589	-22	48	0	23782
404	779	597	-22	47	0	23796
404	786	598	-22	47	0	23825
394	793	590	-21	48	0	23839
372	797	590	-20	48	0	23853
363	791	593	-20	48	0	23866
355	783	597	-19	48	0	23880
361	782	597	-20	48	0	23894
359	779	564	-20	49	0	23924
358	782	555	-20	49	0	23937
336	786	561	-19	50	0	23951
324	786	573	-18	50	0	23967
333	782	577	-18	49	0	23982
345	775	578	-19	49	0	23996
339	774	589	-19	48	0	24024
338	781	604	-18	48	0	24038
349	796	612	-19	48	0	24052
364	808	609	-19	48	0	24066
372	820	606	-20	49	0	24079
374	767	589	-21	47	0	24123
370	749	586	-21	47	0	24137
369	736	586	-21	46	0	24151
362	739	561	-21	47	0	24165
362	749	548	-21	48	0	24179
339	763	546	-19	49	0	24206
345	755	550	-20	49	0	24220
339	751	550	-19	49	0	24235
345	751	561	-20	48	0	24249
356	758	558	-20	48	0	24263
365	769	551	-21	49	0	24277
362	793	568	-20	49	0	24306
379	808	591	-20	49	0	24321
385	802	604	-20	48	0	24336
396	781	623	-21	46	0	24349
404	771	628	-22	45	0	24363
415	770	625	-22	45	0	24378
410	764	613	-22	46	0	24405
398	755	627	-22	45	0	24419
386	762	632	-21	45	0	24434
389	766	626	-21	46	0	24448
403	759	618	-22	45	0	24462
408	755	614	-22	45	0	24476
420	729	595	-24	45	0	24504
410	717	601	-23	44	0	24518
409	705	601	-23	44	0	24533
412	711	594	-23	44	0	24546
409	732	572	-23	46	0	24560
398	738	570	-23	46	0	24574
382	739	592	-21	46	0	24602
388	739	586	-22	46	0	24616
382	753	575	-21	47	0	24630
378	754	574	-21	47	0	24645
377	751	584	-21	47	0	24659
377	754	585	-21	47	0	24672
370	777	589	-20	48	0	24700
384	792	589	-21	48	0	24714
378	804	589	-20	48	0	24728
377	802	597	-20	48	0	24741
377	788	597	-20	48	0	24755
374	783	601	-20	47	0	24769
366	808	601	-19	48	0	24797
376	813	584	-20	49	0	24811
377	813	592	-20	49	0	24824
370	817	593	-20	49	0	24841
359	824	600	-19	49	0	24855
365	846	576	-19	51	0	24869
369	827	574	-20	50	0	24896
380	801	567	-21	49	0	24910
385	791	562	-21	49	0	24924
382	804	562	-21	49	0	24941
367	816	555	-20	50	0	24955
341	831	558	-18	51	0	24969
353	783	569	-20	49	0	24997
354	772	566	-20	49	0	25010
347	777	577	-19	49	0	25024
339	782	585	-19	49	0	25038
342	803	589	-18	49	0	25052
335	837	572	-18	51	0	25066
359	780	600	-20	48	0	25093
372	754	598	-21	46	0	25107
380	740	633	-21	45	0	25121
392	750	633	-21	45	0	25135
403	789	601	-22	47	0	25149
398	808	587	-21	48	0	25163
393	792	589	-21	48	0	25191
382	780	589	-21	47	0	25206
367	778	597	-20	48	0	25220
366	778	597	-20	48	0	25234
373	760	590	-21	47	0	25248
543	715	586	-30	41	0	25289
514	758	575	-28	44	0	25303
444	780	549	-24	47	0	25318
387	778	564	-21	48	0	25332
293	782	559	-16	51	0	25349
264	804	517	-15	54	0	25377
274	813	511	-15	54	0	25391
300	782	529	-17	52	0	25406
309	775	541	-18	51	0	25420
325	764	532	-19	50	0	25433
326	780	524	-19	51	0	25448
347	797	538	-19	51	0	25476
378	787	542	-21	49	0	25489
388	779	542	-22	49	0	25503
301	814	578	-16	51	0	25517
313	842	588	-16	51	0	25531
321	869	547	-17	53	0	25545
347	876	525	-18	54	0	25573
410	802	526	-23	50	0	25588
455	745	527	-26	46	0	25601
498	715	541	-29	44	0	25615
534	722	535	-30	43	0	25629
549	741	556	-30	43	0	25644
443	790	585	-24	47	0	25673
440	801	575	-24	47	0	25687
440	819	546	-24	49	0	25701
472	842	525	-25	50	0	25714
496	848	512	-26	49	0	25728
509	824	515	-27	48	0	25742
468	754	518	-27	47	0	25773
461	762	508	-26	48	0	25787
481	780	514	-27	47	0	25801
501	803	525	-27	47	0	25816
513	844	526	-27	48	0	25830
508	852	502	-27	50	0	25844
420	842	454	-23	53	0	25871
413	838	445	-23	54	0	25885
437	802	490	-24	50	0	25899
472	788	498	-26	48	0	25913
468	776	488	-27	48	0	25926
432	788	484	-25	50	0	25940
390	825	422	-22	55	0	25969
371	804	421	-22	55	0	25983
370	823	421	-21	55	0	25996
373	875	424	-20	57	0	26010
373	859	474	-20	54	0	26025
398	783	500	-23	50	0	26039
405	705	425	-26	50	0	26067
387	799	410	-23	54	0	26081
396	812	434	-23	54	0	26095
464	771	471	-27	49	0	26109
474	753	493	-27	47	0	26123
472	751	506	-27	47	0	26136
449	795	531	-25	48	0	26165
452	844	495	-24	51	0	26179
441	862	495	-23	52	0	26193
437	861	474	-23	53	0	26207
426	861	468	-23	53	0	26221
417	847	450	-23	54	0	26235
431	847	419	-24	54	0	26263
439	849	403	-25	54	0	26278
429	849	415	-24	54	0	26292
407	821	441	-23	53	0	26306
451	800	423	-26	52	0	26319
480	848	438	-26	52	0	26333
562	849	380	-31	51	0	26362
449	874	370	-25	56	0	26377
494	844	391	-27	53	0	26391
456	841	393	-26	54	0	26405
452	855	386	-25	55	0	26418
448	867	375	-25	56	0	26435
447	881	372	-25	56	0	26463
451	873	380	-25	55	0	26477
448	894	363	-24	57	0	26491
406	931	333	-22	60	0	26505
394	946	320	-21	61	0	26519
360	963	299	-19	64	0	26546
372	956	302	-20	63	0	26560
405	930	317	-22	61	0	26576
419	931	311	-23	60	0	26591
403	892	293	-23	60	0	26605
401	853	273	-24	60	0	26619
347	858	223	-21	64	0	26646
339	882	227	-20	65	0	26660
342	859	263	-20	63	0	26675
363	861	270	-21	62	0	26690
383	857	278	-23	61	0	26704
388	878	279	-22	61	0	26718
374	917	267	-21	63	0	26746
377	937	267	-21	63	0	26759
388	932	281	-21	62	0	26773
392	914	308	-22	61	0	26788
396	912	285	-22	61	0	26802
358	937	266	-20	64	0	26816
415	891	297	-23	60	0	26844
416	853	323	-24	58	0	26857
413	832	340	-24	57	0	26871
413	837	338	-24	57	0	26888
420	837	334	-24	57	0	26902
410	841	306	-24	58	0	26916
382	841	297	-23	60	0	26943
395	841	295	-23	59	0	26957
425	859	295	-25	58	0	26971
417	868	291	-24	59	0	26987
357	918	266	-20	64	0	27002
333	937	242	-18	66	0	27016
352	881	284	-20	62	0	27043
357	863	287	-21	62	0	27057
350	871	262	-21	63	0	27071
329	879	263	-19	64	0	27086
309	866	260	-18	65	0	27101
303	851	259	-18	64	0	27114
291	829	286	-18	63	0	27142
305	819	304	-19	62	0	27156
317	803	320	-20	60	0	27170
336	788	326	-21	59	0	27184
302	786	316	-19	60	0	27200
303	878	290	-18	64	0	27213
278	927	267	-16	67	0	27241
272	917	296	-15	66	0	27255
289	898	323	-16	64	0	27269
255	928	319	-14	66	0	27283
231	981	294	-12	69	0	27298
200	1035	252	-10	72	0	27312
106	935	264	-6	73	0	27340
103	907	285	-6	71	0	27354
134	950	322	-7	69	0	27368
120	958	305	-6	71	0	27384
175	1051	292	-9	72	0	27398
170	1035	298	-8	71	0	27412
166	1012	303	-8	71	0	27440
155	1007	296	-8	71	0	27453
143	1024	267	-7	73	0	27467
152	1022	274	-8	72	0	27481
171	986	317	-9	69	0	27495
173	965	332	-9	68	0	27510
172	941	318	-9	68	0	27538
201	939	332	-11	67	0	27552
193	957	348	-10	67	0	27566
171	969	335	-9	68	0	27580
173	967	334	-9	68	0	27594
169	956	348	-9	67	0	27608
162	906	379	-9	65	0	27636
154	840	434	-9	61	0	27650
168	823	450	-10	59	0	27664
187	871	427	-10	61	0	27678
174	936	411	-9	64	0	27692
159	988	412	-8	65	0	27706
146	990	405	-7	66	0	27735
152	980	426	-8	65	0	27748
189	961	456	-10	62	0	27762
196	938	488	-10	60	0	27776
186	943	470	-10	61	0	27790
181	933	482	-9	61	0	27804
161	975	458	-8	63	0	27833
150	964	484	-7	62	0	27847
167	910	519	-9	59	0	27861
172	873	515	-9	58	0	27876
173	858	501	-9	58	0	27890
176	875	489	-9	59	0	27905
163	897	505	-9	59	0	27933
151	917	510	-8	59	0	27946
153	930	479	-8	61	0	27960
146	938	472	-7	62	0	27974
124	900	500	-6	60	0	27988
119	900	499	-6	60	0	28002
159	943	499	-8	60	0	28032
150	915	503	-8	60	0	28046
135	909	507	-7	60	0	28060
113	897	521	-6	59	0	28074
124	921	515	-6	60	0	28088
147	934	511	-7	60	0	28101
138	945	518	-7	60	0	28129
109	911	526	-5	59	0	28146
103	891	534	-5	58	0	28160
116	899	541	-6	58	0	28173
121	886	553	-6	57	0	28187
125	828	586	-7	54	0	28201
159	806	582	-9	53	0	28231
161	834	578	-9	54	0	28245
129	904	553	-6	57	0	28259
116	907	565	-6	57	0	28272
118	872	594	-6	55	0	28286
132	809	622	-7	51	0	28300
132	872	567	-7	56	0	28329
141	901	570	-7	56	0	28343
148	1133	573	-6	62	0	28357
40	1072	683	-1	57	0	28371
149	953	571	-7	58	0	28385
132	937	570	-6	58	0	28399
87	868	637	-4	53	0	28414
45	751	651	-2	49	0	28441
54	800	596	-3	53	0	28455
69	812	590	-3	53	0	28469
71	845	611	-3	53	0	28483
106	849	577	-5	55	0	28497
81	849	592	-4	54	0	28511
171	859	671	-8	51	0	28540
190	892	644	-9	53	0	28553
69	850	634	-3	53	0	28567
42	807	682	-2	49	0	28581
47	898	616	-2	55	0	28595
36	836	617	-2	53	0	28609
84	832	618	-4	53	0	28640
83	858	607	-4	54	0	28654
72	832	609	-3	53	0	28668
85	837	606	-4	53	0	28682
115	865	623	-6	53	0	28696
110	854	628	-5	53	0	28710
53	855	614	-2	54	0	28740
80	807	627	-4	51	0	28754
72	848	622	-3	53	0	28768
67	821	642	-3	51	0	28781
77	839	612	-4	53	0	28795
71	837	638	-3	52	0	28809
39	816	608	-2	53	0	28824
45	850	567	-2	56	0	28853
54	863	570	-2	56	0	28867
69	840	602	-3	54	0	28881
56	859	608	-3	54	0	28898
73	857	598	-3	54	0	28912
85	853	597	-4	54	0	28926
69	890	600	-3	55	0	28954
81	842	629	-4	53	0	28968
79	841	611	-4	53	0	28981
79	866	602	-4	54	0	28995
64	858	594	-3	55	0	29009
49	867	601	-2	55	0	29024
77	887	568	-4	57	0	29053
75	874	570	-4	56	0	29067
96	873	524	-5	58	0	29081
105	901	495	-5	60	0	29095
67	897	495	-3	60	0	29109
31	935	453	-1	64	0	29122
31	939	434	-1	65	0	29136
83	904	439	-4	63	0	29165
75	932	475	-4	62	0	29179
75	903	493	-4	61	0	29193
96	922	481	-5	61	0	29207
84	902	487	-4	61	0	29221
76	837	579	-4	55	0	29236
155	832	451	-9	60	0	29265
107	918	505	-5	60	0	29278
46	881	585	-2	56	0	29292
-20	891	589	1	56	0	29306
19	892	572	-1	57	0	29320
16	906	499	0	61	0	29334
78	897	467	-4	62	0	29363
82	939	485	-4	62	0	29377
58	900	526	-3	59	0	29391
69	893	558	-3	57	0	29405
56	920	533	-3	59	0	29419
108	828	552	-6	55	0	29434
91	891	508	-5	59	0	29463
44	945	497	-2	62	0	29477
75	943	517	-4	61	0	29491
85	883	579	-4	56	0	29505
79	849	588	-4	55	0	29518
61	831	604	-3	53	0	29532
66	840	598	-3	54	0	29547
63	846	608	-3	54	0	29574
63	841	609	-3	53	0	29588
66	823	613	-3	53	0	29602
81	807	620	-4	52	0	29616
82	831	607	-4	53	0	29630
68	829	574	-3	55	0	29645
98	927	660	-4	54	0	29673
31	786	696	-1	48	0	29687
67	779	752	-3	45	0	29701
233	831	776	-11	45	0	29715
158	783	735	-8	46	0	29729
104	835	661	-5	51	0	29742
109	778	702	-5	47	0	29771
96	796	707	-5	48	0	29785
63	801	679	-3	49	0	29799
59	784	680	-3	48	0	29813
77	789	683	-4	48	0	29826
78	808	670	-4	50	0	29840
89	792	682	-4	49	0	29856
93	783	703	-5	47	0	29884
73	810	665	-3	50	0	29898
57	785	685	-3	48	0	29912
105	828	624	-5	52	0	29926
53	804	618	-2	52	0	29940
69	798	667	-3	49	0	29955
65	826	653	-3	51	0	29984
88	818	645	-4	51	0	29998
94	814	655	-5	50	0	30011
108	810	656	-5	50	0	30026
106	813	653	-5	50	0	30039
103	810	649	-5	50	0	30054
100	798	649	-5	50	0	30082
84	801	648	-4	50	0	30096
51	812	634	-2	51	0	30110
33	842	622	-1	53	0	30123
56	845	678	-2	51	0	30137
59	795	708	-3	48	0	30151
128	838	647	-6	51	0	30179
94	756	666	-5	48	0	30193
59	804	668	-3	50	0	30206
27	763	686	-1	48	0	30220
31	816	688	-1	49	0	30234
46	817	677	-2	50	0	30248
8	842	704	0	50	0	30265
-42	758	840	2	42	0	30293
98	783	664	-5	49	0	30307
42	733	735	-2	44	0	30321
114	805	650	-6	50	0	30335
117	795	684	-6	48	0	30349
90	787	684	-4	48	0	30363
114	795	691	-6	48	0	30391
117	797	685	-6	48	0	30405
86	869	638	-4	53	0	30419
83	748	708	-4	46	0	30433
68	860	654	-3	52	0	30446
35	836	617	-1	53	0	30463
13	857	733	0	49	0	30493
47	744	713	-2	46	0	30506
54	722	680	-3	46	0	30520
66	864	637	-3	53	0	30535
102	783	605	-5	51	0	30549
67	542	665	-4	39	0	30563
60	717	577	-3	51	0	30591
45	846	595	-2	54	0	30605
-31	884	629	1	54	0	30619
-92	881	714	4	50	0	30632
-76	827	761	3	47	0	30646
14	910	702	0	52	0	30660
76	897	661	-3	53	0	30674
34	801	654	-1	50	0	30702
35	770	635	-2	50	0	30716
74	799	590	-4	53	0	30730
57	791	579	-3	53	0	30743
76	804	592	-4	53	0	30757
100	880	540	-5	58	0	30771
-43	813	682	2	49	0	30799
81	944	627	-4	56	0	30813
33	820	650	-1	51	0	30827
99	853	613	-5	53	0	30840
95	789	638	-5	50	0	30854
123	772	633	-7	50	0	30868
138	810	625	-7	51	0	30897
116	831	614	-6	53	0	30910
107	808	631	-5	51	0	30924
117	852	587	-6	54	0	30938
72	831	625	-3	52	0	30952
74	833	621	-4	53	0	30966
75	847	614	-4	53	0	30994
75	838	606	-4	53	0	31008
71	851	605	-3	54	0	31022
64	839	619	-3	53	0	31036
70	834	628	-3	52	0	31050
74	833	629	-4	52	0	31064
71	833	625	-3	52	0	31079
68	844	625	-3	53	0	31106
70	838	628	-3	52	0	31120
64	841	643	-3	52	0	31134
66	848	627	-3	53	0	31148
70	842	618	-3	53	0	31162
64	862	624	-3	53	0	31176
65	827	621	-3	52	0	31205
52	854	628	-2	53	0	31219
65	846	611	-3	54	0	31233
67	863	606	-3	54	0	31247
56	850	588	-3	55	0	31261
52	860	579	-2	55	0	31275
54	865	547	-3	57	0	31303
48	868	543	-2	57	0	31317
97	868	557	-5	56	0	31330
105	854	569	-5	55	0	31344
110	853	591	-6	54	0	31358
99	860	583	-5	55	0	31372
77	857	596	-4	54	0	31386
56	857	601	-3	54	0	31413
48	857	605	-2	54	0	31427
54	853	598	-2	54	0	31441
58	856	594	-3	55	0	31455
73	839	597	-4	54	0	31469
92	834	611	-5	53	0	31484
80	857	596	-4	54	0	31512
68	846	597	-3	54	0	31525
60	849	601	-3	54	0	31539
66	842	608	-3	53	0	31553
63	848	602	-3	54	0	31567
66	852	601	-3	54	0	31581
64	857	568	-3	56	0	31612
63	857	552	-3	57	0	31626
70	857	536	-3	57	0	31640
78	850	559	-4	56	0	31653
86	838	590	-4	54	0	31667
83	855	590	-4	55	0	31681
68	835	635	-3	52	0	31695
55	818	708	-2	49	0	31723
66	786	676	-3	49	0	31737
42	835	633	-2	52	0	31750
40	812	658	-2	50	0	31764
71	870	618	-3	54	0	31778
81	851	606	-4	54	0	31793
96	841	620	-5	53	0	31821
98	830	624	-5	52	0	31835
77	829	625	-4	52	0	31849
57	829	632	-3	52	0	31863
59	833	633	-3	52	0	31877
59	833	615	-3	53	0	31891
74	849	605	-4	54	0	31918
78	842	609	-4	53	0	31932
79	841	602	-4	54	0	31946
72	834	616	-3	53	0	31960
71	840	620	-3	53	0	31974
60	834	646	-3	52	0	31988
79	855	622	-4	53	0	32030
68	849	618	-3	53	0	32044
70	849	610	-3	54	0	32058
74	838	595	-4	54	0	32072
68	851	594	-3	54	0	32086
81	849	586	-4	55	0	32101
85	861	582	-4	55	0	32130
62	875	567	-3	56	0	32143
63	873	577	-3	56	0	32157
56	887	560	-3	57	0	32172
66	867	579	-3	56	0	32186
60	861	571	-3	56	0	32200
62	857	581	-3	55	0	32227
73	860	574	-4	56	0	32241
71	878	560	-3	57	0	32255
88	880	551	-4	57	0	32269
87	880	550	-4	57	0	32283
86	873	550	-4	57	0	32297
64	869	539	-3	58	0	32328
59	876	549	-3	57	0	32342
59	876	539	-3	58	0	32356
62	880	535	-3	58	0	32371
63	877	538	-3	58	0	32384
63	880	542	-3	58	0	32398
73	870	553	-4	57	0	32413
75	865	561	-4	56	0	32440
75	868	562	-4	56	0	32454
64	858	569	-3	56	0	32468
63	857	570	-3	56	0	32482
63	864	573	-3	56	0	32496
66	854	584	-3	55	0	32512
70	845	596	-3	54	0	32541
71	838	608	-3	53	0	32555
64	844	613	-3	53	0	32569
-15	887	744	0	50	0	32583
105	775	676	-5	48	0	32596
138	781	708	-7	47	0	32611
76	814	630	-4	52	0	32639
64	856	615	-3	54	0	32653
67	853	610	-3	54	0	32667
67	860	606	-3	54	0	32681
77	846	605	-4	54	0	32694
64	849	616	-3	53	0	32709
59	838	620	-3	53	0	32725
74	837	621	-4	53	0	32752
75	841	621	-4	53	0	32766
68	845	610	-3	53	0	32780
63	845	606	-3	54	0	32794
74	845	609	-4	54	0	32808
67	834	623	-3	53	0	32825
74	833	625	-4	52	0	32853
68	830	621	-3	53	0	32867
74	836	621	-4	53	0	32881
68	833	614	-3	53	0	32895
63	844	610	-3	54	0	32908
84	848	609	-4	54	0	32923
75	833	621	-4	53	0	32952
68	833	621	-3	53	0	32966
70	837	617	-3	53	0	32980
71	837	614	-3	53	0	32993
71	848	606	-3	54	0	33007
71	842	609	-3	53	0	33022
67	841	613	-3	53	0	33037
70	838	627	-3	53	0	33065
78	841	625	-4	53	0	33079
79	834	621	-4	53	0	33093
68	847	603	-3	54	0	33106
63	842	612	-3	53	0	33120
74	841	613	-4	53	0	33135
70	844	610	-3	53	0	33163
64	845	609	-3	54	0	33177
70	834	616	-3	53	0	33192
64	833	613	-3	53	0	33206
70	837	620	-3	53	0	33220
67	841	617	-3	53	0	33234
67	834	612	-3	53	0	33261
74	844	617	-4	53	0	33275
71	838	610	-3	53	0	33289
71	841	616	-3	53	0	33303
74	837	620	-4	53	0	33317
60	837	610	-3	53	0	33332
73	841	616	-4	53	0	33347
82	841	612	-4	53	0	33374
75	834	613	-4	53	0	33388
71	847	613	-3	53	0	33402
60	838	613	-3	53	0	33416
70	848	613	-3	53	0	33430
71	849	613	-3	53	0	33445
75	841	617	-4	53	0	33473
71	834	613	-3	53	0	33487
71	837	617	-3	53	0	33501
67	837	613	-3	53	0	33514
70	844	617	-3	53	0	33530
71	841	617	-3	53	0	33546
67	838	613	-3	53	0	33574
70	837	610	-3	53	0	33588
64	834	613	-3	53	0	33602
66	847	610	-3	54	0	33616
70	838	616	-3	53	0	33630
78	841	610	-4	53	0	33643
78	837	624	-4	53	0	33686
68	834	618	-3	53	0	33700
70	837	617	-3	53	0	33714
71	834	613	-3	53	0	33728
78	837	617	-4	53	0	33742
71	834	617	-3	53	0	33757
71	837	621	-3	53	0	33785
64	834	621	-3	53	0	33799
63	833	614	-3	53	0	33813
70	844	617	-3	53	0	33827
78	838	617	-4	53	0	33842
79	841	617	-4	53	0	33856
67	841	613	-3	53	0	33884
63	841	617	-3	53	0	33898
63	841	613	-3	53	0	33912
70	841	617	-3	53	0	33926
71	841	613	-3	53	0	33940
78	841	620	-4	53	0	33954
67	841	610	-3	53	0	33982
70	845	620	-3	53	0	33996
71	838	617	-3	53	0	34011
71	841	617	-3	53	0	34025
67	837	610	-3	53	0	34039
74	837	616	-4	53	0	34053
68	834	613	-3	53	0	34067
71	840	617	-3	53	0	34095
67	841	617	-3	53	0	34108
67	837	610	-3	53	0	34122
74	841	613	-4	53	0	34136
71	837	617	-3	53	0	34151
74	841	610	-4	53	0	34166
67	837	617	-3	53	0	34194
70	841	617	-3	53	0	34210
74	841	613	-4	53	0	34224
71	841	617	-3	53	0	34238
74	845	613	-4	53	0	34252
75	838	610	-4	53	0	34266
67	841	612	-3	53	0	34294
67	841	617	-3	53	0	34308
74	841	613	-4	53	0	34322
82	841	613	-4	53	0	34336
68	841	613	-3	53	0	34350
70	837	617	-3	53	0	34364
64	834	617	-3	53	0	34378
70	840	613	-3	53	0	34408
78	841	613	-4	53	0	34423
75	837	613	-4	53	0	34437
75	841	617	-4	53	0	34451
64	845	613	-3	53	0	34465
67	838	620	-3	53	0	34479
74	836	624	-4	53	0	34506
68	837	614	-3	53	0	34520
74	841	613	-4	53	0	34534
64	837	617	-3	53	0	34548
70	841	613	-3	53	0	34565
71	834	613	-3	53	0	34580
67	834	621	-3	53	0	34608
70	837	617	-3	53	0	34622
67	837	614	-3	53	0	34636
74	841	613	-4	53	0	34650
71	841	613	-3	53	0	34664
71	845	613	-3	53	0	34679
71	838	613	-3	53	0	34692
74	838	617	-4	53	0	34721
75	841	624	-4	53	0	34735
71	841	621	-3	53	0	34749
67	837	621	-3	53	0	34764
74	837	617	-4	53	0	34778
71	834	614	-3	53	0	34792
74	841	613	-4	53	0	34819
75	841	617	-4	53	0	34833
75	834	621	-4	53	0	34847
75	837	621	-4	53	0	34861
71	834	621	-3	53	0	34875
71	837	614	-3	53	0	34890
75	845	609	-4	54	0	34918
68	841	616	-3	53	0	34934
67	838	613	-3	53	0	34949
67	841	617	-3	53	0	34963
67	837	610	-3	53	0	34977
74	834	616	-4	53	0	34991
75	840	617	-4	53	0	35004
63	834	621	-3	53	0	35032
74	837	621	-4	53	0	35046
71	837	617	-3	53	0	35060
78	841	621	-4	53	0	35074
79	830	621	-4	52	0	35089
75	833	621	-4	53	0	35103
60	834	617	-3	53	0	35131
70	837	610	-3	53	0	35145
74	837	616	-4	53	0	35159
75	837	617	-4	53	0	35173
71	837	617	-3	53	0	35186
67	841	621	-3	53	0	35200
67	837	618	-3	53	0	35228
67	841	617	-3	53	0	35242
74	837	617	-4	53	0	35256
71	837	613	-3	53	0	35270
78	837	617	-4	53	0	35286
68	841	617	-3	53	0	35301
67	834	617	-3	53	0	35342
67	837	617	-3	53	0	35356
70	837	613	-3	53	0	35370
71	841	617	-3	53	0	35384
71	837	606	-3	53	0	35399
78	844	612	-4	53	0	35413
78	841	616	-4	53	0	35441
68	837	617	-3	53	0	35454
67	841	617	-3	53	0	35468
63	841	621	-3	53	0	35483
74	837	617	-4	53	0	35497
71	837	617	-3	53	0	35511
74	837	621	-4	53	0	35539
68	830	617	-3	53	0	35553
60	836	621	-3	53	0	35567
63	837	621	-3	53	0	35582
73	834	621	-4	53	0	35596
75	837	617	-4	53	0	35612
75	841	617	-4	53	0	35640
68	837	617	-3	53	0	35654
70	834	617	-3	53	0	35667
64	837	617	-3	53	0	35681
74	841	617	-4	53	0	35696
82	841	610	-4	53	0	35710
75	841	613	-4	53	0	35724
63	841	617	-3	53	0	35752
66	837	621	-3	53	0	35766
74	841	614	-4	53	0	35780
75	841	610	-4	53	0	35794
64	834	613	-3	53	0	35808
74	840	617	-4	53	0	35822
67	837	613	-3	53	0	35850
70	837	620	-3	53	0	35864
74	837	617	-4	53	0	35877
71	834	621	-3	53	0	35892
67	837	624	-3	53	0	35907
67	834	621	-3	53	0	35921
70	840	621	-3	53	0	35949
71	834	621	-3	53	0	35963
71	833	617	-3	53	0	35976
71	833	614	-3	53	0	35991
71	840	617	-3	53	0	36006
67	834	613	-3	53	0	36020
77	837	620	-4	53	0	36033
71	837	607	-3	53	0	36062
74	841	616	-4	53	0	36076
68	837	617	-3	53	0	36090
70	837	621	-3	53	0	36104
71	837	617	-3	53	0	36118
71	837	617	-3	53	0	36132
67	837	620	-3	53	0	36160
63	837	621	-3	53	0	36174
66	841	621	-3	53	0	36188
70	834	621	-3	53	0	36202
74	833	617	-4	53	0	36216
68	837	617	-3	53	0	36230
63	837	617	-3	53	0	36258
74	837	613	-4	53	0	36272
71	837	617	-3	53	0	36285
74	837	617	-4	53	0	36301
75	841	617	-4	53	0	36316
75	841	617	-4	53	0	36330
68	837	617	-3	53	0	36343
67	841	621	-3	53	0	36374
70	837	617	-3	53	0	36388
78	841	614	-4	53	0	36402
75	834	617	-4	53	0	36416
71	833	617	-3	53	0	36429
71	837	613	-3	53	0	36443
64	834	621	-3	53	0	36471
66	833	621	-3	53	0	36485
74	837	617	-4	53	0	36499
75	837	614	-4	53	0	36514
75	837	617	-4	53	0	36528
75	837	621	-4	53	0	36542
71	837	617	-3	53	0	36569
74	837	617	-4	53	0	36583
75	837	621	-4	53	0	36597
75	841	624	-4	53	0	36613
68	841	614	-3	53	0	36629
70	841	617	-3	53	0	36643
74	841	617	-4	53	0	36657
75	837	621	-4	53	0	36686
68	841	621	-3	53	0	36699
67	837	617	-3	53	0	36713
63	837	617	-3	53	0	36727
70	834	621	-3	53	0	36741
71	837	621	-3	53	0	36755
67	840	622	-3	53	0	36783
70	837	614	-3	53	0	36797
71	837	617	-3	53	0	36812
67	841	613	-3	53	0	36826
74	841	617	-4	53	0	36840
71	837	617	-3	53	0	36854
71	837	617	-3	53	0	36882
74	837	624	-4	53	0	36896
75	844	621	-4	53	0	36910
68	841	617	-3	53	0	36925
70	838	617	-3	53	0	36939
71	837	617	-3	53	0	36953
74	837	613	-4	53	0	36967
71	834	617	-3	53	0	36995
71	837	624	-3	53	0	37009
71	837	625	-3	53	0	37025
74	834	625	-4	52	0	37039
75	833	621	-4	53	0	37053
75	833	614	-4	53	0	37067
75	834	621	-4	53	0	37095
71	837	617	-3	53	0	37109
71	837	621	-3	53	0	37124
74	844	614	-4	53	0	37138
71	831	624	-3	52	0	37152
67	833	618	-3	53	0	37165
62	850	600	-3	54	0	37193
73	835	605	-4	53	0	37207
78	840	616	-4	53	0	37222
71	834	624	-3	53	0	37237
78	840	621	-4	53	0	37251
71	834	617	-3	53	0	37265
71	834	606	-3	53	0	37307
74	840	616	-4	53	0	37321
68	841	620	-3	53	0	37335
81	834	628	-4	52	0	37349
65	833	622	-3	53	0	37363
70	833	625	-3	52	0	37377
70	862	604	-3	54	0	37405
88	822	633	-4	52	0	37420
76	843	612	-4	53	0	37434
75	834	616	-4	53	0	37448
82	840	624	-4	53	0	37462
68	844	614	-3	53	0	37476
63	841	611	-3	53	0	37503
70	841	616	-3	53	0	37517
78	855	610	-4	54	0	37531
71	853	595	-3	54	0	37546
85	849	597	-4	54	0	37560
90	852	576	-4	55	0	37574
79	879	562	-4	57	0	37602
57	848	558	-3	56	0	37616
73	863	558	-4	56	0	37631
36	861	569	-1	56	0	37646
46	854	580	-2	55	0	37661
44	846	592	-2	54	0	37675
75	856	590	-4	55	0	37689
78	856	597	-4	54	0	37717
79	839	622	-4	53	0	37731
86	841	625	-4	53	0	37746
90	834	614	-4	53	0	37760
90	854	610	-4	54	0	37774
73	846	592	-4	54	0	37788
56	842	608	-3	54	0	37815
27	841	613	-1	53	0	37830
56	852	609	-3	54	0	37845
52	849	584	-2	55	0	37859
62	863	589	-3	55	0	37873
66	843	600	-3	54	0	37886
104	838	601	-5	53	0	37915
85	841	608	-4	53	0	37929
58	841	616	-3	53	0	37943
52	841	635	-2	52	0	37957
76	848	615	-4	53	0	37971
78	835	631	-4	52	0	37985
82	837	622	-4	53	0	37999
86	841	617	-4	53	0	38026
79	834	617	-4	53	0	38041
65	840	624	-3	53	0	38056
74	841	621	-4	53	0	38070
78	834	621	-4	53	0	38084
75	837	621	-4	53	0	38098
59	840	621	-3	53	0	38127
63	841	614	-3	53	0	38142
66	823	631	-3	52	0	38156
74	825	647	-4	51	0	38169
75	843	627	-4	53	0	38183
89	859	554	-4	56	0	38197
74	839	611	-4	53	0	38225
64	834	623	-3	53	0	38239
77	826	632	-4	52	0	38255
75	829	629	-4	52	0	38269
78	843	611	-4	53	0	38283
82	838	613	-4	53	0	38297
97	834	599	-5	53	0	38314
64	837	632	-3	52	0	38342
63	823	636	-3	52	0	38356
63	836	626	-3	53	0	38370
52	830	632	-2	52	0	38384
65	829	622	-3	52	0	38398
77	822	621	-4	52	0	38411
80	829	633	-4	52	0	38439
65	815	654	-3	51	0	38456
74	792	667	-4	49	0	38470
60	896	576	-3	57	0	38484
77	832	616	-4	53	0	38498
85	819	652	-4	51	0	38514
62	815	644	-3	51	0	38543
63	778	680	-3	48	0	38556
77	796	652	-4	50	0	38570
93	868	589	-5	55	0	38584
91	865	596	-4	55	0	38598
62	783	643	-3	50	0	38612
88	810	634	-4	51	0	38626
47	807	642	-2	51	0	38655
86	848	602	-4	54	0	38669
97	831	637	-5	52	0	38683
98	808	658	-5	50	0	38698
88	813	653	-4	50	0	38713
83	806	652	-4	50	0	38727
32	810	636	-1	51	0	38756
35	820	637	-1	52	0	38770
71	814	654	-3	51	0	38784
99	821	653	-5	51	0	38798
102	821	649	-5	51	0	38812
92	811	641	-5	51	0	38826
90	806	653	-4	50	0	38854
76	813	642	-4	51	0	38869
68	810	651	-3	51	0	38883
78	813	649	-4	51	0	38897
78	821	663	-4	50	0	38910
82	835	639	-4	52	0	38924
97	819	596	-5	53	0	38952
98	807	654	-5	50	0	38968
102	799	674	-5	49	0	38983
67	794	715	-3	47	0	38997
92	851	623	-4	53	0	39011
66	792	653	-3	50	0	39024
77	808	656	-4	50	0	39038
65	815	648	-3	51	0	39067
63	821	641	-3	51	0	39081
63	814	655	-3	51	0	39095
84	824	642	-4	51	0	39109
72	804	658	-3	50	0	39123
67	791	653	-3	50	0	39137
71	810	621	-3	52	0	39165
78	824	635	-4	52	0	39180
68	815	640	-3	51	0	39194
67	828	648	-3	51	0	39208
70	811	652	-3	51	0	39222
57	835	645	-3	52	0	39236
72	822	650	-3	51	0	39264
92	790	670	-5	49	0	39279
73	801	661	-4	50	0	39293
64	869	629	-3	53	0	39307
88	872	604	-4	55	0	39321
69	819	662	-3	50	0	39334
95	839	632	-5	52	0	39348
75	838	613	-4	53	0	39379
68	837	602	-3	54	0	39393
70	865	573	-3	56	0	39407
64	847	584	-3	55	0	39421
74	842	585	-4	54	0	39436
75	848	596	-4	54	0	39450
68	845	612	-3	53	0	39477
63	841	606	-3	54	0	39491
63	845	609	-3	54	0	39505
70	841	609	-3	53	0	39519
81	834	616	-4	53	0	39533
72	840	610	-3	53	0	39547
74	848	601	-4	54	0	39576
68	849	605	-3	54	0	39591
70	842	612	-3	53	0	39604
71	838	617	-3	53	0	39618
64	827	635	-3	52	0	39632
74	818	636	-4	51	0	39646
82	814	637	-4	51	0	39660
77	845	624	-4	53	0	39689
78	781	667	-4	49	0	39703
96	786	633	-5	50	0	39716
70	889	604	-3	55	0	39731
78	821	641	-4	51	0	39745
89	843	573	-5	55	0	39759
83	815	618	-4	52	0	39787
68	821	621	-3	52	0	39802
60	821	628	-3	52	0	39816
70	828	636	-3	52	0	39829
74	822	633	-4	52	0	39843
78	814	636	-4	51	0	39857
63	825	638	-3	52	0	39886
74	811	633	-4	51	0	39900
85	806	636	-4	51	0	39914
104	813	725	-5	47	0	39928
109	806	691	-5	49	0	39945
71	841	674	-3	51	0	39959
77	795	660	-4	50	0	40001
86	798	681	-4	49	0	40015
79	755	712	-4	46	0	40029
100	818	662	-5	50	0	40043
63	835	657	-3	51	0	40057
66	784	667	-3	49	0	40071
74	815	630	-4	52	0	40100
92	807	661	-5	50	0	40114
101	813	653	-5	50	0	40128
74	792	684	-4	49	0	40142
53	723	733	-2	44	0	40156
83	744	692	-4	46	0	40170
130	958	567	-6	58	0	40200
98	800	672	-5	49	0	40214
88	802	661	-4	50	0	40228
76	791	667	-4	49	0	40242
85	808	672	-4	50	0	40257
90	785	651	-5	50	0	40271
64	830	675	-3	50	0	40298
98	836	644	-5	52	0	40312
56	816	641	-3	51	0	40326
94	824	637	-5	52	0	40340
59	783	814	-2	43	0	40354
105	803	594	-5	53	0	40368
74	848	671	-3	51	0	40381
86	828	660	-4	51	0	40411
79	790	674	-4	49	0	40425
75	786	676	-4	49	0	40439
68	818	655	-3	51	0	40453
74	810	656	-4	50	0	40467
96	813	656	-5	50	0	40481
87	813	649	-4	51	0	40509
76	810	656	-4	50	0	40523
68	806	649	-3	51	0	40537
81	809	659	-4	50	0	40551
61	806	657	-3	50	0	40566
66	813	667	-3	50	0	40580
67	820	667	-3	50	0	40608
81	804	668	-4	50	0	40622
79	798	657	-4	50	0	40636
79	801	671	-4	49	0	40650
72	809	654	-3	50	0	40664
74	809	660	-4	50	0	40677
68	813	653	-3	51	0	40691
85	785	675	-4	49	0	40720
69	789	665	-3	49	0	40734
78	836	636	-4	52	0	40748
93	805	640	-5	51	0	40764
84	809	651	-4	50	0	40778
76	824	656	-4	51	0	40792
72	813	652	-3	51	0	40820
78	817	645	-4	51	0	40834
71	817	645	-3	51	0	40848
71	821	641	-3	51	0	40862
74	828	644	-4	51	0	40876
71	822	641	-3	51	0	40889
74	825	630	-4	52	0	40918
82	829	632	-4	52	0	40932
72	833	629	-3	52	0	40946
71	837	629	-3	52	0	40960
57	830	636	-3	52	0	40973
48	843	626	-2	53	0	40988
51	838	618	-2	53	0	41002
51	855	592	-2	55	0	41033
44	860	579	-2	55	0	41047
103	868	542	-5	57	0	41060
124	858	514	-7	58	0	41074
115	843	522	-6	57	0	41088
128	852	523	-7	57	0	41102
52	851	570	-2	56	0	41130
58	835	588	-3	54	0	41144
84	840	607	-4	53	0	41158
79	827	609	-4	53	0	41172
89	886	609	-4	55	0	41186
83	831	637	-4	52	0	41200
92	778	660	-5	49	0	41230
66	799	692	-3	48	0	41244
99	787	727	-5	47	0	41258
84	701	826	-4	40	0	41272
90	848	712	-4	49	0	41286
69	714	637	-4	48	0	41299
59	781	639	-3	50	0	41328
48	814	637	-2	51	0	41342
51	806	640	-2	51	0	41356
55	799	665	-3	50	0	41370
48	784	664	-2	49	0	41384
76	814	639	-4	51	0	41397
85	792	683	-4	49	0	41411
73	814	644	-4	51	0	41442
85	796	655	-4	50	0	41456
86	812	653	-4	50	0	41470
83	803	663	-4	50	0	41484
68	809	657	-3	50	0	41498
63	806	663	-3	50	0	41511
67	806	657	-3	50	0	41542
67	802	667	-3	50	0	41556
77	809	661	-4	50	0	41570
93	810	657	-5	50	0	41584
87	810	660	-4	50	0	41598
69	810	660	-3	50	0	41612
59	809	664	-3	50	0	41641
70	806	664	-3	50	0	41655
78	809	661	-4	50	0	41669
89	810	660	-4	50	0	41683
83	810	660	-4	50	0	41697
90	813	653	-4	50	0	41711
80	810	663	-4	50	0	41725
64	810	664	-3	50	0	41754
70	810	661	-3	50	0	41768
71	806	667	-3	50	0	41784
85	813	661	-4	50	0	41799
90	813	657	-4	50	0	41813
80	806	660	-4	50	0	41828
75	817	640	-4	51	0	41856
68	810	651	-3	51	0	41869
81	810	656	-4	50	0	41883
82	810	660	-4	50	0	41897
83	799	667	-4	49	0	41911
75	809	661	-4	50	0	41925
75	809	653	-4	50	0	41954
71	810	660	-3	50	0	41968
74	810	664	-4	50	0	41982
71	806	664	-3	50	0	41996
74	809	657	-4	50	0	42010
75	810	656	-4	50	0	42023
78	806	660	-4	50	0	42040
75	810	656	-4	50	0	42068
68	803	663	-3	50	0	42082
67	802	668	-3	50	0	42099
77	805	668	-4	50	0	42113
82	802	661	-4	50	0	42127
75	809	653	-4	50	0	42141
75	806	659	-4	50	0	42168
75	802	664	-4	50	0	42182
71	802	671	-3	49	0	42196
74	805	665	-4	50	0	42210
75	809	661	-4	50	0	42223
78	806	660	-4	50	0	42239
79	809	657	-4	50	0	42267
72	806	667	-3	50	0	42281
74	802	664	-4	50	0	42295
78	805	661	-4	50	0	42309
79	813	660	-4	50	0	42323
82	806	657	-4	50	0	42338
71	806	664	-3	50	0	42381
74	813	664	-4	50	0	42395
75	806	661	-4	50	0	42408
78	806	660	-4	50	0	42422
68	806	667	-3	50	0	42437
74	806	664	-4	50	0	42453
75	809	661	-4	50	0	42480
75	810	660	-4	50	0	42494
75	803	660	-4	50	0	42508
71	805	664	-3	50	0	42522
78	806	661	-4	50	0	42536
75	802	660	-4	50	0	42550
79	809	660	-4	50	0	42578
72	806	660	-3	50	0	42592
71	809	664	-3	50	0	42609
78	806	664	-4	50	0	42623
79	806	664	-4	50	0	42637
79	809	657	-4	50	0	42651
75	810	653	-4	50	0	42678
71	806	652	-3	50	0	42692
74	806	659	-4	50	0	42706
71	802	664	-3	50	0	42720
71	812	661	-3	50	0	42734
71	806	664	-3	50	0	42748
81	809	661	-4	50	0	42763
75	806	660	-4	50	0	42790
75	809	660	-4	50	0	42804
71	810	664	-3	50	0	42818
74	806	664	-4	50	0	42833
71	806	661	-3	50	0	42847
71	806	660	-3	50	0	42862
71	809	656	-3	50	0	42890
78	806	653	-4	50	0	42904
86	809	656	-4	50	0	42918
90	806	656	-4	50	0	42932
83	809	670	-4	50	0	42946
76	810	665	-4	50	0	42962
67	806	661	-3	50	0	42991
70	802	657	-3	50	0	43004
85	809	660	-4	50	0	43018
83	810	657	-4	50	0	43032
75	806	663	-4	50	0	43046
68	806	668	-3	50	0	43061
63	806	661	-3	50	0	43075
71	806	660	-3	50	0	43103
81	809	657	-4	50	0	43120
79	810	656	-4	50	0	43134
75	806	660	-4	50	0	43147
71	806	667	-3	50	0	43162
71	802	664	-3	50	0	43176
81	806	664	-4	50	0	43203
79	806	661	-4	50	0	43217
75	809	660	-4	50	0	43231
75	810	657	-4	50	0	43245
75	806	660	-4	50	0	43259
71	806	660	-3	50	0	43272
79	809	661	-4	50	0	43302
75	802	664	-4	50	0	43315
75	805	661	-4	50	0	43329
71	806	660	-3	50	0	43343
71	806	664	-3	50	0	43357
71	809	657	-3	50	0	43374
74	810	660	-4	50	0	43388
79	809	660	-4	50	0	43415
75	806	660	-4	50	0	43429
75	806	660	-4	50	0	43443
75	809	664	-4	50	0	43457
75	806	664	-4	50	0	43474
78	809	657	-4	50	0	43488
75	806	664	-4	50	0	43516
75	806	661	-4	50	0	43530
78	806	660	-4	50	0	43543
79	809	664	-4	50	0	43558
75	810	664	-4	50	0	43572
71	806	657	-3	50	0	43586
75	806	660	-4	50	0	43614
75	806	657	-4	50	0	43628
71	802	663	-3	50	0	43641
74	802	664	-4	50	0	43655
75	802	664	-4	50	0	43669
75	802	661	-4	50	0	43684
82	809	660	-4	50	0	43698
79	810	664	-4	50	0	43726
75	810	664	-4	50	0	43740
71	810	664	-3	50	0	43753
71	810	661	-3	50	0	43768
78	810	660	-4	50	0	43784
79	806	664	-4	50	0	43798
64	806	657	-3	50	0	43825
70	806	660	-3	50	0	43840
71	806	657	-3	50	0	43854
78	806	663	-4	50	0	43869
82	806	664	-4	50	0	43884
75	806	661	-4	50	0	43897
75	806	664	-4	50	0	43925
71	809	661	-3	50	0	43939
74	806	667	-4	50	0	43953
75	802	657	-4	50	0	43967
78	805	660	-4	50	0	43981
75	806	660	-4	50	0	43996
75	806	660	-4	50	0	44010
74	802	664	-4	50	0	44038
75	805	661	-4	50	0	44052
78	809	660	-4	50	0	44066
71	810	660	-3	50	0	44081
74	803	664	-4	50	0	44095
75	805	664	-4	50	0	44109
71	802	665	-3	50	0	44137
74	805	668	-4	50	0	44152
75	809	657	-4	50	0	44166
71	806	656	-3	50	0	44180
71	809	660	-3	50	0	44194
78	810	660	-4	50	0	44208
74	809	660	-4	50	0	44236
75	806	664	-4	50	0	44250
78	806	661	-4	50	0	44264
79	809	657	-4	50	0	44277
79	810	656	-4	50	0	44294
72	810	660	-3	50	0	44308
71	802	656	-3	50	0	44350
71	809	660	-3	50	0	44364
71	810	660	-3	50	0	44378
81	810	657	-4	50	0	44392
82	810	656	-4	50	0	44407
75	810	656	-4	50	0	44420
85	813	653	-4	51	0	44448
79	806	659	-4	50	0	44463
79	809	660	-4	50	0	44477
82	824	664	-4	50	0	44492
75	793	689	-4	48	0	44506
71	811	663	-3	50	0	44520
77	814	652	-4	51	0	44548
89	803	663	-4	50	0	44562
80	805	671	-4	50	0	44576
75	809	661	-4	50	0	44589
64	810	657	-3	50	0	44604
70	806	671	-3	50	0	44618
78	806	658	-4	50	0	44646
75	809	664	-4	50	0	44660
78	802	661	-4	50	0	44674
79	805	664	-4	50	0	44688
75	809	661	-4	50	0	44702
75	806	660	-4	50	0	44716
71	806	664	-3	50	0	44730
71	806	668	-3	50	0	44758
74	806	661	-4	50	0	44771
78	806	657	-4	50	0	44785
79	806	660	-4	50	0	44801
75	806	660	-4	50	0	44815
78	806	664	-4	50	0	44829
75	806	664	-4	50	0	44857
71	806	661	-3	50	0	44871
67	806	657	-3	50	0	44886
67	806	663	-3	50	0	44900
74	806	661	-4	50	0	44915
78	806	664	-4	50	0	44929
72	806	657	-3	50	0	44956
67	806	660	-3	50	0	44970
74	806	660	-4	50	0	44984
71	806	664	-3	50	0	44998
78	806	661	-4	50	0	45013
82	806	664	-4	50	0	45027
79	806	661	-4	50	0	45041
68	802	664	-3	50	0	45069
70	805	661	-3	50	0	45083
74	809	657	-4	50	0	45097
82	806	663	-4	50	0	45111
82	806	661	-4	50	0	45125
75	806	664	-4	50	0	45139
74	802	664	-4	50	0	45167
75	805	661	-4	50	0	45181
71	806	660	-3	50	0	45194
71	809	664	-3	50	0	45210
64	799	671	-3	49	0	45224
81	809	661	-4	50	0	45238
63	808	689	-3	49	0	45266
95	795	656	-5	50	0	45280
84	805	667	-4	50	0	45294
90	809	654	-4	50	0	45309
41	820	681	-2	50	0	45323
78	818	655	-4	51	0	45337
64	814	660	-3	50	0	45351
69	820	652	-3	51	0	45379
71	821	642	-3	51	0	45393
78	825	648	-4	51	0	45407
68	818	641	-3	51	0	45423
74	825	634	-4	52	0	45437
75	829	633	-4	52	0	45451
77	829	630	-4	52	0	45479
71	836	632	-3	52	0	45492
74	833	636	-4	52	0	45506
71	833	630	-3	52	0	45523
71	833	629	-3	52	0	45537
71	840	625	-3	53	0	45551
68	845	617	-3	53	0	45579
67	859	610	-3	54	0	45593
63	864	602	-3	54	0	45607
59	865	605	-3	54	0	45621
63	865	598	-3	55	0	45635
63	861	594	-3	55	0	45649
73	868	590	-4	55	0	45663
85	880	568	-4	56	0	45692
86	887	566	-4	57	0	45706
79	895	552	-4	58	0	45721
79	896	547	-4	58	0	45735
72	910	529	-3	59	0	45749
60	915	520	-3	60	0	45763
56	928	489	-3	62	0	45791
66	945	459	-3	63	0	45805
67	950	439	-3	64	0	45818
49	983	426	-2	66	0	45833
12	983	375	0	69	0	45847
29	1004	342	-1	71	0	45861
183	1521	198	-6	79	0	45889
-88	1224	313	3	75	0	45903
-26	1187	325	1	74	0	45919
-24	1268	75	1	86	0	45934
68	986	92	-3	83	0	45948
71	1089	-19	-3	86	0	45962
-712	3068	-1591	11	60	0	45992
-428	1870	-1050	11	58	0	46006
-605	-283	54	64	-25	0	46020
138	-202	-101	-31	-49	0	46034
-375	433	-236	37	44	0	46048
-692	259	-1516	24	8	0	46062
111	33	-109	-44	12	0	46090
-707	445	-927	34	20	0	46103
-396	480	-754	23	29	0	46117
-248	303	-762	16	20	0	46132
-248	441	-798	15	27	0	46146
-492	58	-695	35	3	0	46160
-649	-500	-1260	25	-19	0	46188
-557	-527	-805	30	-28	0	46202
-349	-276	-657	26	-20	0	46216
-378	-494	-458	29	-39	0	46230
-476	-555	-230	38	-46	0	46244
